% function evaluation | noise-free fitness - Fopt (1.491500000000e+02) | best noise-free fitness - Fopt | measured fitness | best measured fitness | x1 | x2...
1 +3.597687554e+02 +3.597687554e+02 +5.089187554e+02 +5.089187554e+02 -5.9608e-01 +7.3598e-01
4 +2.227222798e+01 +2.227222798e+01 +1.714222280e+02 +1.714222280e+02 -3.0066e+00 +2.8054e+00
12 +9.440687551e+00 +9.440687551e+00 +1.585906876e+02 +1.585906876e+02 +4.9468e-01 +1.3336e+00
37 +2.945491887e+00 +2.945491887e+00 +1.520954919e+02 +1.520954919e+02 +1.0585e+00 +3.2276e+00
52 +9.466757972e-01 +9.466757972e-01 +1.500966758e+02 +1.500966758e+02 +9.1014e-01 +2.5039e+00
% function evaluation | noise-free fitness - Fopt (-1.000000000000e+03) | best noise-free fitness - Fopt | measured fitness | best measured fitness | x1 | x2...
1 +2.552437116e+03 +2.552437116e+03 +1.552437116e+03 +1.552437116e+03 -3.9975e+00 -4.8520e+00
2 +6.304773836e+00 +6.304773836e+00 -9.936952262e+02 -9.936952262e+02 -4.6946e+00 +1.0632e+00
108 +3.803128622e+00 +3.803128622e+00 -9.961968714e+02 -9.961968714e+02 -3.1230e+00 +8.9566e-01
151 +1.373227525e+00 +1.373227525e+00 -9.986267725e+02 -9.986267725e+02 -2.9671e+00 +8.3629e-01
191 +3.709477540e-01 +3.709477540e-01 -9.996290522e+02 -9.996290522e+02 -2.9671e+00 +1.0126e+00
199 +8.013439623e-02 +8.013439623e-02 -9.999198656e+02 -9.999198656e+02 -3.0642e+00 +8.0963e-01
281 +4.949352026e-02 +4.949352026e-02 -9.999505065e+02 -9.999505065e+02 -3.0664e+00 +7.8351e-01
% function evaluation | noise-free fitness - Fopt (9.862000000000e+01) | best noise-free fitness - Fopt | measured fitness | best measured fitness | x1 | x2...
1 +4.450621287e+03 +4.450621287e+03 +4.549241287e+03 +4.549241287e+03 -4.1851e+00 -3.1466e+00
2 +1.521671106e+03 +1.521671106e+03 +1.620291106e+03 +1.620291106e+03 +1.2533e+00 +3.3114e+00
10 +2.967888849e+02 +2.967888849e+02 +3.954088849e+02 +3.954088849e+02 -3.6445e+00 +2.9344e+00
13 +2.476716575e+01 +2.476716575e+01 +1.233871657e+02 +1.233871657e+02 -4.6465e-01 +1.4578e-01
27 +6.248402459e+00 +6.248402459e+00 +1.048684025e+02 +1.048684025e+02 -2.5325e+00 -1.4382e+00
82 +2.035789512e+00 +2.035789512e+00 +1.006557895e+02 +1.006557895e+02 -8.4131e-01 -1.3614e+00
133 +8.326738044e-01 +8.326738044e-01 +9.945267380e+01 +9.945267380e+01 -8.6599e-01 -1.3567e+00
144 +6.963945777e-02 +6.963945777e-02 +9.868963946e+01 +9.868963946e+01 -9.0471e-01 -1.3614e+00
151 +1.125685617e-02 +1.125685617e-02 +9.863125686e+01 +9.863125686e+01 -7.4372e-01 -1.0124e+00
202 +2.065604610e-03 +2.065604610e-03 +9.862206560e+01 +9.862206560e+01 -7.8935e-01 -1.1116e+00
253 +5.496111963e-04 +5.496111963e-04 +9.862054961e+01 +9.862054961e+01 -7.8722e-01 -1.1100e+00
293 +3.829504211e-04 +3.829504211e-04 +9.862038295e+01 +9.862038295e+01 -7.8722e-01 -1.1107e+00
368 +6.315119400e-05 +6.315119400e-05 +9.862006315e+01 +9.862006315e+01 -7.9793e-01 -1.1329e+00
482 +5.617651912e-05 +5.617651912e-05 +9.862005618e+01 +9.862005618e+01 -7.9778e-01 -1.1328e+00
% function evaluation | noise-free fitness - Fopt (-4.715000000000e+01) | best noise-free fitness - Fopt | measured fitness | best measured fitness | x1 | x2...
1 +1.084779660e+05 +1.084779660e+05 +1.084308160e+05 +1.084308160e+05 +4.8392e+00 +3.3334e+00
2 +5.995029929e+01 +5.995029929e+01 +1.280029929e+01 +1.280029929e+01 -3.6473e+00 +4.2659e+00
9 +3.334354956e+01 +3.334354956e+01 -1.380645044e+01 -1.380645044e+01 +9.3302e-01 +3.8864e+00
23 +2.461276459e+01 +2.461276459e+01 -2.253723541e+01 -2.253723541e+01 -9.7358e-01 -2.1655e+00
53 +4.079990144e+00 +4.079990144e+00 -4.307000986e+01 -4.307000986e+01 -1.3911e+00 -1.6254e+00
92 +1.743779333e+00 +1.743779333e+00 -4.540622067e+01 -4.540622067e+01 -1.3924e+00 -1.8757e+00
121 +8.007104403e-01 +8.007104403e-01 -4.634928956e+01 -4.634928956e+01 -6.2241e-01 -1.3841e+00
148 +5.193915741e-01 +5.193915741e-01 -4.663060843e+01 -4.663060843e+01 -1.0513e+00 -1.7237e+00
198 +1.635856587e-01 +1.635856587e-01 -4.698641434e+01 -4.698641434e+01 -5.7515e-01 -1.1981e+00
242 +1.521295888e-01 +1.521295888e-01 -4.699787041e+01 -4.699787041e+01 -7.1192e-01 -1.4264e+00
260 +7.194034856e-02 +7.194034856e-02 -4.707805965e+01 -4.707805965e+01 -5.8655e-01 -1.2394e+00
% function evaluation | noise-free fitness - Fopt (3.752000000000e+01) | best noise-free fitness - Fopt | measured fitness | best measured fitness | x1 | x2...
1 +1.091807197e+03 +1.091807197e+03 +1.129327197e+03 +1.129327197e+03 +3.9035e+00 -4.4548e-01
2 +2.075481583e+02 +2.075481583e+02 +2.450681583e+02 +2.450681583e+02 +3.5468e+00 -1.7559e-01
3 +2.131116337e+01 +2.131116337e+01 +5.883116337e+01 +5.883116337e+01 +3.4075e+00 +2.5522e-01
12 +6.212009335e-01 +6.212009335e-01 +3.814120093e+01 +3.814120093e+01 +2.2353e+00 -2.4884e+00
81 +2.609464106e-01 +2.609464106e-01 +3.778094641e+01 +3.778094641e+01 +2.3790e+00 -2.1291e+00
98 +1.611333588e-01 +1.611333588e-01 +3.768113336e+01 +3.768113336e+01 +2.0897e+00 -2.6067e+00
121 +1.575276070e-01 +1.575276070e-01 +3.767752761e+01 +3.767752761e+01 +2.0934e+00 -2.6067e+00
% function evaluation | noise-free fitness - Fopt (2.847900000000e+02) | best noise-free fitness - Fopt | measured fitness | best measured fitness | x1 | x2...
1 +1.493719769e+04 +1.493719769e+04 +1.522198769e+04 +1.522198769e+04 -3.8345e+00 +3.6478e+00
2 +3.423883388e+03 +3.423883388e+03 +3.708673388e+03 +3.708673388e+03 -1.5754e+00 -3.4359e+00
3 +2.109118155e+03 +2.109118155e+03 +2.393908155e+03 +2.393908155e+03 +3.1700e+00 +2.8057e+00
4 +1.201094925e+03 +1.201094925e+03 +1.485884925e+03 +1.485884925e+03 -2.2969e+00 +2.1479e+00
5 +8.863320907e+02 +8.863320907e+02 +1.171122091e+03 +1.171122091e+03 -1.2477e+00 +4.2716e+00
8 +9.133994758e+01 +9.133994758e+01 +3.761299476e+02 +3.761299476e+02 +2.1254e-01 -5.0836e-02
9 +3.411623429e+01 +3.411623429e+01 +3.189062343e+02 +3.189062343e+02 +1.9933e+00 +2.5383e+00
12 +3.027190738e+00 +3.027190738e+00 +2.878171907e+02 +2.878171907e+02 +1.3270e+00 -6.5081e-02
46 +5.965547657e-01 +5.965547657e-01 +2.853865548e+02 +2.853865548e+02 +8.1996e-01 -7.6657e-01
57 +1.230984760e-01 +1.230984760e-01 +2.849130985e+02 +2.849130985e+02 +1.2944e+00 +6.1504e-03
175 +2.770326919e-02 +2.770326919e-02 +2.848177033e+02 +2.848177033e+02 +1.4367e+00 +3.5467e-01
212 +1.955661734e-02 +1.955661734e-02 +2.848095566e+02 +2.848095566e+02 +1.4064e+00 +2.7878e-01
261 +1.481520421e-02 +1.481520421e-02 +2.848048152e+02 +2.848048152e+02 +1.3899e+00 +2.4257e-01
% function evaluation | noise-free fitness - Fopt (7.760000000000e+00) | best noise-free fitness - Fopt | measured fitness | best measured fitness | x1 | x2...
1 +1.010717780e+05 +1.010717780e+05 +1.010795380e+05 +1.010795380e+05 -4.4452e+00 +3.0792e+00
2 +1.984180543e+01 +1.984180543e+01 +2.760180543e+01 +2.760180543e+01 -3.9907e-01 +1.2676e+00
7 +8.165027660e+00 +8.165027660e+00 +1.592502766e+01 +1.592502766e+01 +1.6077e-01 -5.6988e-01
27 +1.199963194e-01 +1.199963194e-01 +7.879996319e+00 +7.879996319e+00 +2.7424e+00 -1.7012e+00
154 +2.295281717e-02 +2.295281717e-02 +7.782952817e+00 +7.782952817e+00 +2.7386e+00 -1.6891e+00
168 +3.747020975e-03 +3.747020975e-03 +7.763747021e+00 +7.763747021e+00 +2.7400e+00 -1.6684e+00
230 +1.919091811e-03 +1.919091811e-03 +7.761919092e+00 +7.761919092e+00 +2.6633e+00 -1.8305e+00
274 +7.018823039e-04 +7.018823039e-04 +7.760701882e+00 +7.760701882e+00 +2.6633e+00 -1.8271e+00
341 +4.404231355e-04 +4.404231355e-04 +7.760440423e+00 +7.760440423e+00 +2.6720e+00 -1.8091e+00
351 +3.610657650e-04 +3.610657650e-04 +7.760361066e+00 +7.760361066e+00 +2.6715e+00 -1.8105e+00
% function evaluation | noise-free fitness - Fopt (-3.822100000000e+02) | best noise-free fitness - Fopt | measured fitness | best measured fitness | x1 | x2...
1 +3.525066352e+03 +3.525066352e+03 +3.142856352e+03 +3.142856352e+03 -3.9415e+00 -4.6294e+00
4 +7.275474196e+02 +7.275474196e+02 +3.453374196e+02 +3.453374196e+02 +1.0133e-01 +4.1736e+00
12 +4.513405306e+02 +4.513405306e+02 +6.913053061e+01 +6.913053061e+01 -2.9514e+00 +1.7631e+00
16 +3.447900323e+02 +3.447900323e+02 -3.741996773e+01 -3.741996773e+01 -1.9059e+00 -1.8386e+00
17 +1.617169902e+02 +1.617169902e+02 -2.204930098e+02 -2.204930098e+02 -1.6587e-01 +4.2255e+00
28 +1.368932043e+02 +1.368932043e+02 -2.453167957e+02 -2.453167957e+02 -1.7044e+00 -8.2843e-01
34 +1.082277811e+00 +1.082277811e+00 -3.811277222e+02 -3.811277222e+02 -1.5992e+00 +6.4678e-01
78 +1.627349356e-02 +1.627349356e-02 -3.821937265e+02 -3.821937265e+02 -1.5481e+00 +6.5968e-01
114 +6.654178209e-03 +6.654178209e-03 -3.822033458e+02 -3.822033458e+02 -1.5481e+00 +6.5395e-01
225 +4.825100593e-03 +4.825100593e-03 -3.822051749e+02 -3.822051749e+02 -1.6362e+00 +4.7570e-01
232 +1.695252125e-03 +1.695252125e-03 -3.822083047e+02 -3.822083047e+02 -1.6436e+00 +4.5299e-01
245 +1.308523272e-03 +1.308523272e-03 -3.822086915e+02 -3.822086915e+02 -1.6432e+00 +4.5673e-01
% function evaluation | noise-free fitness - Fopt (-1.000000000000e+03) | best noise-free fitness - Fopt | measured fitness | best measured fitness | x1 | x2...
1 +2.666960235e+01 +2.666960235e+01 -9.733303977e+02 -9.733303977e+02 +3.2568e-01 +3.3500e-01
28 +7.174500680e+00 +7.174500680e+00 -9.928254993e+02 -9.928254993e+02 -1.8023e+00 +1.5853e+00
107 +6.197088096e+00 +6.197088096e+00 -9.938029119e+02 -9.938029119e+02 -1.7777e+00 +1.5825e+00
153 +1.684330511e+00 +1.684330511e+00 -9.983156695e+02 -9.983156695e+02 -5.0086e-01 -5.8232e-01
164 +8.490807236e-01 +8.490807236e-01 -9.991509193e+02 -9.991509193e+02 -2.0016e-01 -5.4248e-01
% function evaluation | noise-free fitness - Fopt (-1.838100000000e+02) | best noise-free fitness - Fopt | measured fitness | best measured fitness | x1 | x2...
1 +8.182842410e+02 +8.182842410e+02 +6.344742410e+02 +6.344742410e+02 +2.2402e-01 +2.8277e+00
5 +1.564173991e+02 +1.564173991e+02 -2.739260095e+01 -2.739260095e+01 -2.6884e+00 -1.6326e+00
9 +4.356803163e+01 +4.356803163e+01 -1.402419684e+02 -1.402419684e+02 -3.5253e+00 +1.6229e+00
28 +5.270624319e+00 +5.270624319e+00 -1.785393757e+02 -1.785393757e+02 -3.1431e+00 +3.2625e-01
77 +2.166771281e-01 +2.166771281e-01 -1.835933229e+02 -1.835933229e+02 -9.3821e-01 +1.2583e+00
121 +1.491234232e-01 +1.491234232e-01 -1.836608766e+02 -1.836608766e+02 -9.5420e-01 +1.1622e+00
285 +9.708261632e-02 +9.708261632e-02 -1.837129174e+02 -1.837129174e+02 -9.6373e-01 +1.1600e+00
% function evaluation | noise-free fitness - Fopt (-3.877500000000e+02) | best noise-free fitness - Fopt | measured fitness | best measured fitness | x1 | x2...
1 +3.213204169e+05 +3.213204169e+05 +3.209326669e+05 +3.209326669e+05 +4.4806e+00 -3.0234e+00
2 +2.181758014e+05 +2.181758014e+05 +2.177880514e+05 +2.177880514e+05 +4.2218e+00 +3.1653e+00
3 +1.187299992e+03 +1.187299992e+03 +7.995499918e+02 +7.995499918e+02 -1.3233e+00 +4.3470e+00
6 +1.545824819e+01 +1.545824819e+01 -3.722917518e+02 -3.722917518e+02 -5.8132e-01 +4.2582e+00
27 +6.886795679e+00 +6.886795679e+00 -3.808632043e+02 -3.808632043e+02 -4.2481e+00 -2.4602e-02
53 +4.132963538e+00 +4.132963538e+00 -3.836170365e+02 -3.836170365e+02 -1.5830e+00 +3.1560e-01
98 +2.013942531e-01 +2.013942531e-01 -3.875486057e+02 -3.875486057e+02 -1.5830e+00 +9.2594e-02
138 +1.471351634e-01 +1.471351634e-01 -3.876028648e+02 -3.876028648e+02 -1.5830e+00 +1.1757e-01
% function evaluation | noise-free fitness - Fopt (-7.009000000000e+01) | best noise-free fitness - Fopt | measured fitness | best measured fitness | x1 | x2...
1 +1.093345628e+02 +1.093345628e+02 +3.924456278e+01 +3.924456278e+01 -4.7131e-02 -5.3567e-01
2 +2.056203961e+00 +2.056203961e+00 -6.803379604e+01 -6.803379604e+01 +2.6188e+00 +4.0263e+00
% function evaluation | noise-free fitness - Fopt (-8.481100000000e+02) | best noise-free fitness - Fopt | measured fitness | best measured fitness | x1 | x2...
1 +1.807827813e+03 +1.807827813e+03 +9.597178131e+02 +9.597178131e+02 -4.2921e+00 +4.0791e+00
5 +5.316958934e+01 +5.316958934e+01 -7.949404107e+02 -7.949404107e+02 -2.1800e+00 +3.5257e+00
43 +3.282036694e+00 +3.282036694e+00 -8.448279633e+02 -8.448279633e+02 -2.0020e+00 +3.3036e+00
83 +1.007981824e+00 +1.007981824e+00 -8.471020182e+02 -8.471020182e+02 -2.0020e+00 +3.4226e+00
100 +8.313170997e-01 +8.313170997e-01 -8.472786829e+02 -8.472786829e+02 -2.0387e+00 +3.3036e+00
% function evaluation | noise-free fitness - Fopt (-5.978500000000e+02) | best noise-free fitness - Fopt | measured fitness | best measured fitness | x1 | x2...
1 +2.536533258e+05 +2.536533258e+05 +2.530554758e+05 +2.530554758e+05 +3.0015e+00 -4.8426e+00
2 +1.609954060e+04 +1.609954060e+04 +1.550169060e+04 +1.550169060e+04 +2.2150e-01 +1.7742e+00
3 +2.665342756e+03 +2.665342756e+03 +2.067492756e+03 +2.067492756e+03 -1.3989e+00 -1.6753e+00
4 +1.463048861e+03 +1.463048861e+03 +8.651988608e+02 +8.651988608e+02 -2.4285e+00 -4.5840e+00
7 +4.176885259e+02 +4.176885259e+02 -1.801614741e+02 -1.801614741e+02 -4.9199e+00 -4.2916e+00
10 +2.319706918e+02 +2.319706918e+02 -3.658793082e+02 -3.658793082e+02 -2.7876e+00 -2.1798e-01
14 +4.794975591e+01 +4.794975591e+01 -5.499002441e+02 -5.499002441e+02 -1.7515e+00 +2.4742e+00
55 +1.047529666e+01 +1.047529666e+01 -5.873747033e+02 -5.873747033e+02 -1.7879e+00 +1.9333e+00
59 +1.997168701e+00 +1.997168701e+00 -5.958528313e+02 -5.958528313e+02 -1.7686e+00 +1.7905e+00
94 +1.502355169e+00 +1.502355169e+00 -5.963476448e+02 -5.963476448e+02 -1.7546e+00 +1.7905e+00
% function evaluation | noise-free fitness - Fopt (-1.073400000000e+02) | best noise-free fitness - Fopt | measured fitness | best measured fitness | x1 | x2...
1 +1.620631237e+03 +1.620631237e+03 +1.513291237e+03 +1.513291237e+03 -1.5981e+00 -1.0600e+00
5 +6.692711441e+02 +6.692711441e+02 +5.619311441e+02 +5.619311441e+02 +2.3888e+00 +1.5356e+00
13 +4.371470888e+01 +4.371470888e+01 -6.362529112e+01 -6.362529112e+01 +1.5593e+00 -3.4978e+00
29 +1.973898604e+01 +1.973898604e+01 -8.760101396e+01 -8.760101396e+01 -1.8338e+00 +3.9412e+00
30 +3.954227511e+00 +3.954227511e+00 -1.033857725e+02 -1.033857725e+02 +3.1042e+00 +1.4369e+00
82 +1.730074302e+00 +1.730074302e+00 -1.056099257e+02 -1.056099257e+02 +3.1441e+00 +1.7307e+00
125 +1.467039281e+00 +1.467039281e+00 -1.058729607e+02 -1.058729607e+02 +3.1063e+00 +1.6116e+00
