% function evaluation | noise-free fitness - Fopt (1.491500000000e+02) | best noise-free fitness - Fopt | measured fitness | best measured fitness | x1 | x2...
1 +5.976755358e+05 +5.976755358e+05 +5.978246858e+05 +5.978246858e+05 +3.5480e+00 -4.0824e+00 +4.0673e+00 -8.2846e-01 -3.7591e+00 +4.2216e-01 +2.3012e+00 +4.3349e-02 +2.3407e+00 -1.3793e+00 +4.8073e+00 -8.3396e-01 +1.3551e+00 -3.2474e+00 +2.6661e+00 -4.8892e+00 -3.6387e+00 -9.4791e-01 +1.1785e+00 -3.6501e+00
2 +2.634703342e+05 +2.634703342e+05 +2.636194842e+05 +2.636194842e+05 -3.3878e+00 +2.7633e-01 +5.2378e-02 -4.1151e+00 -1.3610e+00 +2.9980e+00 -2.9954e+00 +4.9942e-01 +3.0619e-01 -3.1040e+00 -4.6722e+00 +2.9763e+00 +2.2913e+00 -4.8739e+00 +3.3909e+00 -2.8287e+00 -2.3945e+00 -4.1660e+00 +1.6591e+00 +4.2699e+00
27 +1.705257381e+05 +1.705257381e+05 +1.706748881e+05 +1.706748881e+05 +3.1413e+00 +3.2568e+00 +1.0007e+00 -9.9606e-01 -8.8889e-02 +1.7757e+00 -5.2756e-01 -4.8385e+00 -3.1727e+00 +4.0118e+00 -6.3835e-01 -1.6210e+00 +3.7330e+00 -1.1396e+00 +2.0653e+00 -3.6293e+00 +5.2805e-01 -2.6430e+00 -3.1123e-01 -2.3737e+00
32 +1.213197243e+05 +1.213197243e+05 +1.214688743e+05 +1.214688743e+05 -1.3278e+00 -1.0095e+00 -1.9929e+00 +4.1737e+00 -8.6460e-01 -3.9972e+00 -4.7592e+00 +1.0666e+00 -2.5048e+00 -2.6245e+00 +1.7127e+00 +2.2419e+00 +1.2797e-01 -6.9013e-01 +1.1368e+00 -1.9383e+00 -1.6383e+00 -4.8003e+00 -2.2320e+00 -1.1837e+00
43 +5.668388326e+04 +5.668388326e+04 +5.683303326e+04 +5.683303326e+04 -4.1883e-02 -1.2931e+00 -2.7023e+00 -1.7501e+00 -6.3739e-01 -1.8720e+00 -3.2912e+00 -1.8513e+00 -2.5771e+00 +1.8566e+00 +1.4876e+00 +2.3373e+00 +1.1738e-01 +4.4275e-01 +1.1505e+00 -1.9137e+00 -2.8301e+00 -2.4537e+00 -2.1259e+00 -6.5558e-01
90 +3.888326819e+04 +3.888326819e+04 +3.903241819e+04 +3.903241819e+04 -2.6326e+00 -1.4654e+00 +6.9960e-01 +3.9770e+00 -1.1130e+00 -8.7726e-01 -4.4928e+00 -1.6211e+00 -1.4693e+00 -2.5660e+00 -5.7990e-01 +1.6625e+00 +6.4547e-02 -1.5620e+00 +9.9012e-01 +1.8375e+00 -2.0497e+00 -1.7850e+00 -1.2963e+00 -1.9537e+00
178 +2.278795734e+04 +2.278795734e+04 +2.293710734e+04 +2.293710734e+04 -2.1929e+00 -4.5127e-02 -3.3918e-01 +2.8543e+00 -9.3846e-01 -9.2036e-01 -4.4931e+00 +7.1904e-03 -1.4800e+00 -1.5944e+00 -3.0773e-01 +1.3305e+00 -6.2910e-01 -1.4285e+00 -1.5508e-01 +6.2383e-01 -1.8880e+00 -1.4773e+00 -1.3264e+00 -2.6941e+00
% function evaluation | noise-free fitness - Fopt (-1.000000000000e+03) | best noise-free fitness - Fopt | measured fitness | best measured fitness | x1 | x2...
1 +1.636867109e+06 +1.636867109e+06 +1.635867109e+06 +1.635867109e+06 +3.1852e+00 -1.3053e+00 -1.8367e+00 +3.5570e+00 +4.9389e+00 -2.6260e+00 -4.0086e+00 -3.8634e-01 +3.0420e+00 -4.1487e+00 -1.1850e+00 -4.2440e+00 -2.7977e-01 +4.6134e+00 -2.9237e+00 -3.7520e+00 -3.9847e+00 -4.4896e-01 +3.2381e+00 +3.4877e-01
2 +3.714873721e+05 +3.714873721e+05 +3.704873721e+05 +3.704873721e+05 -4.2804e+00 +2.6174e+00 +3.3256e+00 -4.2543e+00 -1.6550e-01 -4.0008e+00 +1.3920e+00 -2.2703e+00 -3.6970e+00 +1.7489e+00 -2.1093e+00 -4.6466e+00 +3.1262e-01 -1.6909e+00 +1.1340e+00 +4.7353e+00 -4.5684e+00 -2.5020e+00 +1.3742e+00 -3.1204e+00
9 +1.861584075e+05 +1.861584075e+05 +1.851584075e+05 +1.851584075e+05 -2.8097e+00 +1.3483e+00 +2.7725e+00 +1.1431e+00 +2.1472e+00 +3.4916e+00 -4.0091e+00 -2.3734e+00 -2.2274e+00 +4.7858e+00 -4.7147e+00 -4.1154e+00 -2.3418e-01 -4.6929e+00 -4.0332e+00 -2.0899e-02 +2.2173e+00 +5.3599e-01 -4.4481e+00 +2.3397e+00
48 +9.930280140e+04 +9.930280140e+04 +9.830280140e+04 +9.830280140e+04 -2.8891e+00 -1.6233e+00 +2.8316e+00 +2.3256e+00 -3.4465e+00 +3.2771e+00 -1.5165e+00 -8.8007e-01 -3.0262e-01 -9.1571e-01 -2.1050e+00 -2.2497e+00 -3.1848e-01 -4.4467e+00 -1.5900e+00 -1.8168e-01 -1.3683e+00 -1.6150e+00 -4.1701e+00 +8.6646e-01
82 +5.291362300e+04 +5.291362300e+04 +5.191362300e+04 +5.191362300e+04 -2.9506e+00 -1.8832e+00 +3.1072e+00 +7.4555e-01 -3.9224e-02 +4.1633e-01 -7.3203e-01 -1.1057e+00 -2.6902e+00 +3.5799e+00 -1.3653e+00 -2.8734e+00 -4.0920e-01 -3.5827e+00 -1.3356e+00 +1.4467e+00 +5.4930e-01 +1.4865e-01 +6.2798e-01 +8.2499e-01
125 +3.721816337e+04 +3.721816337e+04 +3.621816337e+04 +3.621816337e+04 -2.4643e+00 -1.4546e+00 +3.0698e+00 +1.0774e+00 +3.0047e-01 +1.0902e+00 -1.0012e+00 -1.0675e+00 -2.7428e+00 +1.4864e+00 -1.5592e+00 -2.5310e+00 -4.0425e-01 -3.8349e+00 -1.3801e+00 -2.3226e-01 +1.1572e+00 -5.9884e-01 -4.9120e-01 +1.0197e+00
507 +2.511698046e+04 +2.511698046e+04 +2.411698046e+04 +2.411698046e+04 -2.5092e+00 -1.4689e+00 +3.0731e+00 +6.3862e-01 +1.0148e-01 +1.0035e+00 -9.3961e-01 -1.0564e+00 -1.1609e+00 +2.4523e+00 -1.5404e+00 -2.3247e+00 -4.6076e-01 -3.7914e+00 -1.3689e+00 -1.0063e-01 +9.0185e-01 -2.9868e-01 -3.7185e-01 +7.1805e-01
% function evaluation | noise-free fitness - Fopt (9.862000000000e+01) | best noise-free fitness - Fopt | measured fitness | best measured fitness | x1 | x2...
1 +1.072239367e+06 +1.072239367e+06 +1.072337987e+06 +1.072337987e+06 -1.9529e-01 -2.1253e+00 -8.2548e-01 -3.5772e+00 +2.4697e+00 +1.2681e+00 -1.9606e+00 -2.5905e+00 +4.2068e+00 -7.6763e-01 +3.4948e+00 +4.4090e-01 +1.8844e+00 +4.7414e+00 -2.7557e+00 -3.0738e+00 -1.0567e+00 -5.3924e-01 -4.1504e+00 -2.0270e+00
2 +6.925001981e+05 +6.925001981e+05 +6.925988181e+05 +6.925988181e+05 +2.7821e+00 +5.7107e-01 +4.0439e+00 -1.7126e+00 -1.9305e+00 -1.9509e+00 +1.6521e+00 -1.7216e+00 +1.8787e+00 -4.0101e+00 +2.7232e+00 -2.4925e+00 +7.5685e-01 +1.8010e+00 +4.2912e-01 +4.6402e+00 -1.0542e+00 +1.6415e+00 +4.9935e+00 -1.2542e+00
4 +3.311372474e+05 +3.311372474e+05 +3.312358674e+05 +3.312358674e+05 -1.6236e+00 +1.2131e+00 -2.3472e+00 -7.8438e-01 +2.9817e+00 +4.7894e+00 -1.3609e+00 -4.0501e+00 -2.4430e+00 +2.5355e+00 -4.0996e+00 -4.0838e-01 -1.8034e+00 -4.9793e+00 -9.2577e-01 -4.7678e+00 +4.5732e+00 +1.3845e+00 -4.6921e+00 -4.3286e+00
10 +2.172487176e+05 +2.172487176e+05 +2.173473376e+05 +2.173473376e+05 +1.9119e+00 +2.3221e+00 +2.4552e+00 -2.9481e+00 +2.2676e+00 -1.3253e+00 +2.0567e+00 -5.9261e-01 -3.0686e+00 -4.0722e+00 +3.1773e+00 -7.2658e-01 -2.0930e+00 -4.1464e+00 +7.1959e-02 -3.2665e+00 +4.3567e+00 -3.8273e+00 -2.1269e+00 +8.0630e-01
44 +1.571441717e+05 +1.571441717e+05 +1.572427917e+05 +1.572427917e+05 +1.4192e+00 +1.6734e+00 +8.2186e-01 -2.0484e+00 +2.7937e+00 +4.6367e+00 -7.3842e-01 -3.2458e+00 -2.6324e+00 -2.9265e+00 -1.3758e+00 -6.1957e-01 -1.8447e+00 -4.9665e+00 -5.7248e-01 -3.6991e+00 +4.5105e+00 -1.3229e+00 -3.3192e+00 -2.8804e+00
52 +8.502537503e+04 +8.502537503e+04 +8.512399503e+04 +8.512399503e+04 -1.5426e+00 -1.3112e+00 +1.1243e+00 -3.0709e+00 +2.0086e+00 -7.8633e-01 +1.3000e+00 -4.0047e-01 -1.6095e+00 -1.9694e+00 +2.8858e+00 -4.8617e-01 -2.3175e+00 -2.4837e+00 -1.2593e+00 -8.1168e-01 +3.9914e+00 -1.4753e+00 -2.4675e+00 -2.8443e+00
101 +5.471099374e+04 +5.471099374e+04 +5.480961374e+04 +5.480961374e+04 -1.0008e+00 -1.0939e+00 +4.4888e-01 -2.6890e+00 +3.6247e+00 +1.2904e+00 +1.3395e+00 -2.1930e+00 -2.0292e+00 -2.0013e+00 +2.8632e+00 -4.9533e-01 +2.2156e+00 -2.6595e+00 -1.1074e+00 -1.8476e+00 +3.9824e+00 +2.7451e-01 +1.3712e+00 -1.2731e+00
123 +3.822165440e+04 +3.822165440e+04 +3.832027440e+04 +3.832027440e+04 -9.2632e-01 +1.7516e-01 +1.0319e+00 -2.6637e+00 +2.6024e+00 +4.3470e-01 +4.2386e-01 -2.5620e+00 -1.8353e+00 -2.2037e+00 +2.7634e+00 -2.0123e-01 -7.8116e-01 -2.5127e+00 -1.1482e+00 -1.0428e+00 +3.6318e+00 -1.4009e+00 +4.0708e-01 -1.4749e+00
360 +2.343909021e+04 +2.343909021e+04 +2.353771021e+04 +2.353771021e+04 -9.3417e-01 +1.3021e-01 +8.8429e-01 -2.6620e+00 +2.3285e+00 +1.6199e-01 +4.5952e-01 -1.9016e+00 -1.9597e+00 -2.1423e+00 +2.7111e+00 -3.6278e-01 +1.2387e-01 -2.5959e+00 -1.1352e+00 -9.8810e-01 +2.5863e+00 -9.3224e-01 +3.5440e-01 -7.8127e-01
% function evaluation | noise-free fitness - Fopt (-4.715000000000e+01) | best noise-free fitness - Fopt | measured fitness | best measured fitness | x1 | x2...
1 +4.254838077e+05 +4.254838077e+05 +4.254366577e+05 +4.254366577e+05 -4.0269e+00 -4.7833e-01 +1.5944e+00 -1.8786e+00 -2.4409e+00 +1.1044e+00 -3.4022e-02 +4.4348e+00 +7.6237e-02 -4.8177e+00 +2.4443e+00 +2.9075e+00 +4.9794e+00 +1.0686e-01 -2.0987e+00 -2.4402e+00 -1.4322e+00 -6.3011e-01 -4.8529e-01 -4.9416e+00
7 +3.677521640e+05 +3.677521640e+05 +3.677050140e+05 +3.677050140e+05 +3.0382e+00 -8.8222e-01 -4.3459e+00 +1.4025e+00 +4.9936e+00 +5.4887e-01 -4.6663e+00 +3.6508e+00 +3.1487e+00 -8.7319e-01 +3.2954e+00 -5.1564e-01 -2.2608e+00 -4.4294e+00 +3.2585e+00 -3.8851e+00 +1.9177e-01 -3.0185e+00 +2.0190e+00 +1.6505e+00
45 +1.528990458e+05 +1.528990458e+05 +1.528518958e+05 +1.528518958e+05 +1.6995e+00 -3.9103e+00 +7.6397e-01 +2.2590e-01 -5.0524e-01 -1.0899e+00 +1.8856e+00 +1.3053e+00 +1.2353e+00 -3.5332e+00 +5.1096e-01 -1.8804e+00 -9.4105e-01 -4.6147e+00 +9.8368e-01 -1.2520e+00 -1.6357e+00 -1.7620e+00 +3.5587e+00 -3.1055e+00
83 +6.842579452e+04 +6.842579452e+04 +6.837864452e+04 +6.837864452e+04 -5.4915e-01 +1.0339e+00 -1.9155e+00 -8.2134e-01 -1.7703e+00 +1.2817e+00 -2.4730e+00 -3.0971e+00 -7.5372e-01 -1.5522e+00 +1.4307e+00 -3.0180e+00 +3.4853e-01 -3.6500e+00 +1.7260e+00 +1.9610e+00 -8.4140e-02 -2.9934e-01 +2.2476e+00 -3.0021e+00
173 +6.175611443e+04 +6.175611443e+04 +6.170896443e+04 +6.170896443e+04 -5.4915e-01 +1.0339e+00 -1.9155e+00 -8.2134e-01 -1.7703e+00 +1.2817e+00 -2.4730e+00 -3.0971e+00 -7.5372e-01 -1.5522e+00 +1.4307e+00 -3.0180e+00 +3.4853e-01 -3.6500e+00 +1.7260e+00 +1.9610e+00 -8.4140e-02 -1.1061e+00 +2.2476e+00 -3.0021e+00
% function evaluation | noise-free fitness - Fopt (3.752000000000e+01) | best noise-free fitness - Fopt | measured fitness | best measured fitness | x1 | x2...
1 +6.068237314e+05 +6.068237314e+05 +6.068612514e+05 +6.068612514e+05 +4.9609e+00 -2.2443e+00 -2.6015e+00 +4.2880e+00 +4.1729e+00 +1.9541e+00 -4.2571e-01 +5.2619e-01 +2.7035e+00 +2.6506e-01 +2.2593e+00 +1.5234e+00 -2.3237e+00 +2.6124e-01 +1.8391e+00 -4.5249e-01 -2.8370e+00 +3.9848e+00 +3.7108e+00 -2.2936e+00
7 +3.865446637e+05 +3.865446637e+05 +3.865821837e+05 +3.865821837e+05 -1.4173e+00 -4.0007e+00 -2.5598e-01 -3.1765e+00 +2.6568e+00 -3.3007e+00 +8.3730e-01 +1.9136e-01 -2.3534e+00 +4.8949e+00 +3.6734e-01 -2.2706e+00 -1.2043e+00 +4.8917e+00 +1.1626e+00 +1.4306e+00 +4.1944e+00 -2.1569e-01 -1.5531e+00 +2.6346e+00
41 +1.648382887e+05 +1.648382887e+05 +1.648758087e+05 +1.648758087e+05 -3.7270e-01 -3.6342e+00 -2.1138e+00 +7.6384e-01 +3.6737e+00 -6.5654e-01 -8.5546e-02 +2.8339e-01 -1.5644e+00 +3.9300e-01 +1.6772e+00 +5.6191e-01 -2.2680e+00 +1.3314e+00 +1.5034e+00 +5.9748e-01 +1.6150e+00 +2.4923e+00 +1.7524e-01 -9.6309e-01
49 +1.318957911e+05 +1.318957911e+05 +1.319333111e+05 +1.319333111e+05 -2.1256e+00 -3.8302e+00 +3.8131e+00 -2.8217e+00 +9.4622e-01 -3.5803e+00 -5.7614e-01 -5.3087e-01 +3.0249e+00 +7.8387e-02 +4.2026e+00 -2.4859e+00 +8.5472e-01 +4.4935e+00 +8.8797e-01 -4.3947e+00 +2.1318e+00 -4.2455e-01 -2.4033e+00 -1.4555e+00
101 +9.868859887e+04 +9.868859887e+04 +9.872611887e+04 +9.872611887e+04 +1.1137e+00 -1.1751e+00 -3.1698e-01 -2.1113e+00 +2.0378e+00 +2.4511e-01 +1.1144e+00 +2.0541e-01 -2.0564e+00 -1.9342e+00 -1.3145e+00 +2.3296e-01 -1.1285e+00 +3.2265e+00 -7.2333e-01 +2.1629e-01 +2.2035e-01 +1.9725e+00 +9.4569e-02 +1.5834e+00
125 +6.280846732e+04 +6.280846732e+04 +6.284598732e+04 +6.284598732e+04 -1.0312e+00 -1.9244e+00 -1.2392e-01 -1.5007e+00 +7.0558e-01 -1.6543e+00 -8.3398e-01 -2.5030e-01 -8.4412e-01 -6.8415e-02 -3.2236e-01 -4.2922e-01 +5.9589e-01 +3.3850e+00 +6.1649e-01 +1.3570e+00 +8.2368e-01 +7.8705e-01 -9.2418e-01 +1.5039e+00
507 +3.767690615e+04 +3.767690615e+04 +3.771442615e+04 +3.771442615e+04 -2.2103e-01 -1.9100e+00 -3.8150e-02 -1.5818e+00 +2.2520e+00 -2.3453e+00 +1.1082e+00 +3.0358e-01 -7.9365e-01 -2.3370e-01 -3.1562e-01 +8.3058e-02 -1.2658e+00 +4.2346e+00 +1.0541e+00 +2.0813e-01 +4.8521e-01 -8.1822e-02 -5.5185e-01 +1.1862e+00
% function evaluation | noise-free fitness - Fopt (2.847900000000e+02) | best noise-free fitness - Fopt | measured fitness | best measured fitness | x1 | x2...
1 +6.485385393e+05 +6.485385393e+05 +6.488233293e+05 +6.488233293e+05 +3.5809e+00 +3.0732e+00 +2.9079e+00 +4.5332e+00 -4.3819e-02 -3.4239e+00 -3.3365e+00 -3.3661e+00 -2.0423e+00 +2.6381e+00 -3.2455e+00 +2.6260e-01 -1.6461e+00 -3.5190e+00 -2.3847e-01 -3.7746e+00 +4.9053e+00 -4.4348e+00 +3.6102e+00 +2.3683e+00
3 +4.127443908e+05 +4.127443908e+05 +4.130291808e+05 +4.130291808e+05 +4.1067e+00 +2.5251e+00 -2.7879e+00 -1.0095e+00 -4.2770e+00 +3.2261e+00 +1.5399e+00 -9.5694e-01 +2.8697e-01 +4.8202e+00 -4.8508e+00 +4.0934e+00 -7.6541e-01 -3.0976e-01 -1.3585e+00 -2.2882e+00 +4.0295e+00 -1.0029e+00 -5.7622e-01 -3.2412e+00
12 +3.800050190e+05 +3.800050190e+05 +3.802898090e+05 +3.802898090e+05 -9.0752e-01 -8.5433e-01 -1.5569e+00 +1.7481e+00 -1.1507e-02 +4.8742e-01 +3.8065e+00 +1.3810e+00 -2.7790e+00 -8.2273e-01 +4.1718e+00 -3.9730e+00 +1.2720e+00 +7.4981e-01 -2.4051e+00 -2.1322e+00 -3.6831e+00 +2.5953e+00 +4.3760e+00 -2.5080e+00
41 +9.678788082e+04 +9.678788082e+04 +9.707267082e+04 +9.707267082e+04 +8.2587e-01 +3.3074e+00 +3.0282e+00 +2.8761e+00 -9.1934e-01 -1.7464e+00 -1.4903e+00 -1.9846e+00 -3.0617e+00 +6.4537e-01 +1.5860e-01 -1.0031e+00 -1.5269e+00 -3.6488e+00 -4.6537e-01 -1.7698e+00 -1.3029e+00 -1.5873e-01 +3.6106e+00 +2.0469e+00
84 +6.268368569e+04 +6.268368569e+04 +6.296847569e+04 +6.296847569e+04 +2.7590e-01 +1.3031e+00 +5.9167e-01 -9.8993e-01 -1.6149e+00 +2.4744e+00 -2.8427e-01 -2.4410e-01 -8.4644e-01 -1.4405e+00 +2.0723e+00 +1.1919e+00 -1.5374e+00 +1.3670e-01 +1.3395e+00 -1.0945e+00 -1.6270e+00 +2.5803e-01 +5.5777e-02 -8.3671e-01
196 +3.795195586e+04 +3.795195586e+04 +3.823674586e+04 +3.823674586e+04 +5.1677e-01 +1.9019e+00 -1.9654e-01 -5.8165e-01 -1.5484e+00 +2.9030e+00 -7.1117e-01 +6.0997e-01 -1.8300e+00 -1.8368e+00 +5.4203e-01 +1.7788e-01 -5.6752e-01 -2.3531e-01 +1.9676e+00 -1.8312e+00 -1.9814e+00 +4.2283e-01 +3.1175e-01 -6.9724e-01
% function evaluation | noise-free fitness - Fopt (7.760000000000e+00) | best noise-free fitness - Fopt | measured fitness | best measured fitness | x1 | x2...
1 +4.375348360e+05 +4.375348360e+05 +4.375425960e+05 +4.375425960e+05 +1.8614e+00 -3.3468e+00 -8.4714e-01 -3.4872e+00 -2.7188e+00 -3.2791e+00 -3.9437e+00 +2.4010e+00 -2.9157e+00 +2.6781e+00 -2.8917e+00 +3.4314e+00 -3.6388e+00 -3.8922e+00 -2.3006e+00 +3.5569e+00 +2.2335e+00 +3.9983e+00 -4.7785e+00 +3.7107e-01
7 +3.745758348e+05 +3.745758348e+05 +3.745835948e+05 +3.745835948e+05 +4.8736e+00 -4.8079e+00 +1.6706e+00 -5.3073e-01 -3.2835e+00 +2.1029e+00 +7.6892e-01 +4.5734e+00 +2.3690e+00 +8.1598e-01 +7.4201e-01 +3.2169e+00 -1.1586e+00 -3.3508e+00 +1.6062e+00 +2.9147e+00 +1.4079e+00 -3.5140e+00 -1.6970e+00 -1.5791e-01
41 +1.454327447e+05 +1.454327447e+05 +1.454405047e+05 +1.454405047e+05 +7.3235e-01 -2.6787e+00 -3.2772e+00 -3.4396e+00 +3.4973e-01 -4.4606e+00 -1.7021e+00 +2.6169e+00 -1.6825e+00 -3.4053e+00 +3.0208e+00 +3.2331e+00 -3.5902e+00 -2.4340e+00 +1.4356e+00 +1.4145e-01 +1.3771e-01 +3.5614e+00 -1.4334e+00 +5.3836e-01
80 +9.945276377e+04 +9.945276377e+04 +9.946052377e+04 +9.946052377e+04 -1.8857e+00 -1.2072e+00 -3.0340e+00 +1.0340e+00 -6.3750e-01 -2.4918e+00 +2.1063e-01 +1.0731e+00 -6.8089e-02 -5.0229e-01 +3.5620e+00 +3.1598e+00 +4.1141e-01 -1.2791e+00 +3.2940e+00 +1.1114e-01 -1.2414e+00 -1.2074e+00 +1.4054e-01 +2.1374e-01
175 +6.118080110e+04 +6.118080110e+04 +6.118856110e+04 +6.118856110e+04 -1.9788e+00 -1.1624e+00 -1.2272e+00 +1.0388e+00 -3.2551e-01 -2.5677e+00 -3.3781e-02 +1.1672e+00 +4.2665e-01 -8.1915e-01 +3.3608e+00 +2.3376e+00 -2.1188e-01 -8.4737e-01 +1.3509e+00 +7.3445e-02 -9.7342e-01 -1.3815e-01 +1.5782e-01 -6.5330e-02
% function evaluation | noise-free fitness - Fopt (-3.822100000000e+02) | best noise-free fitness - Fopt | measured fitness | best measured fitness | x1 | x2...
1 +7.408193857e+05 +7.408193857e+05 +7.404371757e+05 +7.404371757e+05 -1.8793e+00 +3.2607e+00 -1.8455e+00 -2.6812e+00 +2.8217e+00 +1.2106e-01 -1.2493e+00 -2.5402e+00 -4.0886e+00 +3.0848e-01 -1.5858e+00 +4.9065e+00 +3.1501e+00 -4.4455e+00 -3.9487e+00 -1.0513e+00 -2.4330e+00 +1.2400e+00 -1.7178e+00 -2.2757e+00
2 +4.030440784e+05 +4.030440784e+05 +4.026618684e+05 +4.026618684e+05 +1.7756e+00 -7.3625e-01 -3.1916e+00 +4.2476e+00 +6.9995e-01 +1.5545e+00 +1.8613e+00 -3.0850e-01 -6.6900e-01 -2.6128e+00 -2.6779e+00 +2.1498e+00 +4.1560e+00 +1.9002e+00 -3.9252e+00 -6.7044e-01 -3.6650e+00 -1.5736e+00 -4.2756e+00 +3.1315e+00
3 +3.771514890e+05 +3.771514890e+05 +3.767692790e+05 +3.767692790e+05 +2.4005e+00 -1.0444e-01 -4.2489e+00 +1.7383e+00 +2.4150e+00 +2.8417e+00 +2.7037e-01 +3.5890e+00 +4.1244e-01 +1.1008e-01 -2.5084e+00 -2.5468e+00 -2.1103e+00 -2.8886e+00 +4.4246e+00 +2.0349e+00 +4.8636e-01 -1.9330e+00 +1.9949e+00 -2.8231e+00
10 +2.292143711e+05 +2.292143711e+05 +2.288321611e+05 +2.288321611e+05 -4.3384e+00 -5.5551e-01 +1.0316e-01 -3.0627e+00 +2.6526e+00 -2.6812e+00 -2.7655e+00 -2.4219e+00 +1.2890e+00 +2.1571e+00 -4.2382e+00 +1.5784e+00 -4.0865e+00 +1.8437e+00 +1.9378e+00 -1.8080e+00 -1.3371e+00 -1.4531e+00 -1.7929e+00 -1.8469e+00
44 +8.790749010e+04 +8.790749010e+04 +8.752528010e+04 +8.752528010e+04 -3.1160e+00 -4.2146e-01 -5.3451e-01 -1.9967e+00 +9.4431e-01 -4.1831e-01 +1.1163e+00 -1.6131e+00 -3.6925e+00 -2.4103e-02 -5.1887e-01 -2.1078e+00 -1.0108e+00 +3.9766e+00 +2.0576e+00 -2.9861e-01 -3.0729e+00 +4.8403e+00 -2.2982e-02 -4.0209e+00
87 +4.369443069e+04 +4.369443069e+04 +4.331222069e+04 +4.331222069e+04 -4.4961e+00 +6.5084e-01 -1.2885e-01 +8.3836e-01 -1.8496e+00 -7.7939e-01 +2.3685e+00 -1.4727e+00 +3.4304e-01 -5.7739e-01 +2.3635e-02 -1.8596e-01 -1.2361e-01 +8.7495e-01 +8.2301e-01 -1.9401e+00 -3.2140e+00 +3.4094e+00 +1.2122e+00 -2.7997e+00
127 +3.704134814e+04 +3.704134814e+04 +3.665913814e+04 +3.665913814e+04 -2.3771e+00 +4.5353e-01 -8.5420e-01 +5.4518e-01 -1.4977e+00 -1.2598e+00 +2.2283e+00 -1.2148e+00 +8.7175e-01 -9.0421e-01 -3.1930e+00 +2.9429e-01 -1.5753e+00 +1.1824e+00 +8.8820e-01 -7.1007e-01 -1.9896e+00 +3.2277e+00 +1.4356e+00 -2.3674e+00
176 +2.272222186e+04 +2.272222186e+04 +2.234001186e+04 +2.234001186e+04 -2.4488e+00 +5.4839e-01 -3.0049e-01 +7.2865e-01 -8.7775e-01 -1.1992e+00 +7.5243e-01 -1.3791e+00 +8.7037e-01 -7.9666e-01 -2.1492e+00 +1.9935e-01 -1.5609e+00 +8.9432e-01 +9.9452e-01 +1.9443e-01 -1.8913e+00 +2.9951e+00 +8.9228e-01 -2.5043e+00
% function evaluation | noise-free fitness - Fopt (-1.000000000000e+03) | best noise-free fitness - Fopt | measured fitness | best measured fitness | x1 | x2...
1 +4.871841890e+05 +4.871841890e+05 +4.861841890e+05 +4.861841890e+05 -7.6493e-01 +3.7696e+00 -3.0793e+00 +1.1328e+00 +1.3787e+00 -4.4520e+00 -4.1003e-01 +4.4831e+00 -2.3910e+00 +1.2890e+00 -2.6864e+00 -1.0444e+00 +2.1008e+00 -2.8317e+00 +2.6353e-01 -4.5897e+00 -4.2030e+00 -4.0503e-01 +9.2557e-01 -1.8179e+00
4 +1.837211167e+05 +1.837211167e+05 +1.827211167e+05 +1.827211167e+05 +1.0096e+00 -4.3512e+00 -3.8538e+00 -3.8166e+00 -5.0317e-01 -3.5573e+00 +3.3443e+00 +4.2026e+00 +5.5154e-01 -6.3825e-01 -2.5167e+00 -2.5525e+00 +9.1505e-01 +4.4201e+00 -5.3200e-01 +1.9839e+00 -1.2989e+00 +8.5180e-01 -1.9639e+00 +3.2795e+00
19 +1.420643575e+05 +1.420643575e+05 +1.410643575e+05 +1.410643575e+05 +6.2890e-01 -1.1383e+00 +1.8172e+00 -2.1357e+00 -4.9627e+00 +3.5741e+00 -4.2101e+00 +3.4669e+00 -4.1847e+00 +1.6563e+00 +4.0519e+00 +2.7854e+00 -1.9934e-01 +2.4002e+00 -4.4958e+00 +2.2769e+00 +7.9385e-01 -4.4364e+00 +1.3678e-01 +4.4817e+00
44 +3.679971744e+04 +3.679971744e+04 +3.579971744e+04 +3.579971744e+04 +7.8005e-01 -1.2022e+00 -3.4141e+00 -2.7444e+00 -3.7794e+00 +2.4492e+00 +5.4749e-01 +3.9404e+00 -2.8446e+00 -2.4395e-01 +3.1454e+00 +2.5740e-01 +1.9837e-01 +2.7595e+00 -2.0315e+00 +2.0603e+00 -7.9395e-03 -2.2416e-01 -1.6232e+00 +4.3519e+00
83 +2.441818370e+04 +2.441818370e+04 +2.341818370e+04 +2.341818370e+04 +5.2995e-01 -1.9757e+00 -1.2005e+00 -1.9125e+00 -3.7078e+00 +4.3251e-01 -2.3838e+00 -8.5962e-01 -4.6283e+00 +1.4361e+00 -2.8713e-01 +2.7990e+00 +1.0181e+00 +4.3186e+00 -3.9465e+00 +1.2489e+00 -4.2574e-01 +1.7036e+00 -2.8319e-01 +3.2763e+00
130 +1.449809246e+04 +1.449809246e+04 +1.349809246e+04 +1.349809246e+04 +6.4078e-01 -1.8771e+00 -9.1251e-01 -1.3467e+00 -3.0389e+00 +6.7672e-01 -2.1898e+00 +3.3514e-01 -4.0235e+00 +1.3821e+00 +1.9255e+00 +3.0350e+00 +6.6443e-01 +1.2368e+00 -1.5814e+00 +1.8560e+00 +7.9733e-02 -5.3841e-01 -1.8043e-01 +3.3448e+00
382 +9.978240680e+03 +9.978240680e+03 +8.978240680e+03 +8.978240680e+03 +6.4568e-01 -1.7589e+00 -1.2713e+00 -1.3071e+00 -2.1921e+00 +8.2699e-01 -1.7422e+00 +1.3867e-01 -3.5331e+00 +1.3467e+00 +1.6993e+00 +2.4614e+00 +8.7692e-01 +2.5106e+00 -1.8058e+00 +1.6512e+00 -3.8033e-01 -5.7798e-01 -6.6778e-01 +2.2481e+00
% function evaluation | noise-free fitness - Fopt (-1.838100000000e+02) | best noise-free fitness - Fopt | measured fitness | best measured fitness | x1 | x2...
1 +6.978557004e+05 +6.978557004e+05 +6.976718904e+05 +6.976718904e+05 +2.6908e+00 -6.8164e-01 +6.8188e-01 +9.8595e-01 +2.3750e+00 -3.2612e+00 -2.7923e+00 +3.9319e+00 -2.0079e+00 -1.3279e+00 +7.3575e-01 -3.3232e+00 +1.9346e+00 +2.3211e+00 +4.0779e+00 +1.1472e+00 -4.0061e+00 +2.6153e+00 +4.6792e+00 +2.5705e+00
3 +4.399114350e+05 +4.399114350e+05 +4.397276250e+05 +4.397276250e+05 -3.7793e+00 -3.2408e+00 -1.7253e+00 -2.6279e+00 -1.3248e+00 -1.6748e+00 -4.8928e+00 +1.7818e-01 -3.1582e+00 -2.8955e+00 -1.3631e+00 +1.8521e+00 -3.3592e+00 +3.3681e-01 +1.5953e+00 +4.2851e+00 +2.1017e+00 -4.1736e+00 +3.6329e+00 +1.0943e+00
5 +2.297248041e+05 +2.297248041e+05 +2.295409941e+05 +2.295409941e+05 -6.1589e-01 -7.4046e-01 -1.5159e+00 -1.7457e+00 -3.2860e+00 +4.6107e+00 +1.3538e+00 +2.3032e+00 +1.8563e+00 -1.0673e+00 -3.7102e-01 -1.2229e-01 +1.2692e+00 +2.1010e+00 +2.8777e+00 -2.3488e+00 +2.4884e+00 -3.1633e+00 +5.9150e-01 +3.8916e+00
40 +1.143715183e+05 +1.143715183e+05 +1.141877083e+05 +1.141877083e+05 -3.3510e+00 -2.3196e+00 +3.6581e+00 -5.3469e-01 -2.1445e+00 -3.7784e-02 -3.6087e+00 -2.1080e+00 -2.9533e-01 -2.1208e+00 -9.3907e-03 +2.2083e+00 -2.3908e+00 +4.9136e+00 +1.4593e+00 +2.6701e-01 +3.5664e+00 -4.6997e-01 -3.4739e+00 -2.1102e-01
45 +6.468729491e+04 +6.468729491e+04 +6.450348491e+04 +6.450348491e+04 -2.8529e+00 -1.7163e+00 +3.8526e-01 -1.4862e+00 -2.2398e+00 +2.1956e+00 +9.6809e-01 -6.0405e-01 +1.3481e+00 -1.9176e+00 -3.5772e-01 +1.8523e+00 +9.1856e-01 +2.3006e+00 +2.2515e+00 -8.2025e-01 +2.9920e+00 -2.4937e+00 -3.4713e+00 +4.2204e-01
55 +4.091370080e+04 +4.091370080e+04 +4.072989080e+04 +4.072989080e+04 -6.5268e-01 -1.0258e+00 -1.4404e-01 -9.3627e-01 -4.1768e+00 +1.0748e+00 -3.4693e+00 -1.3578e+00 +3.3396e-01 -1.0787e+00 +1.4021e-01 +1.6428e+00 +2.8305e-01 +2.2089e+00 +7.3545e-01 -1.0084e+00 -1.3831e+00 +7.9042e-01 +7.2117e-01 -4.0043e+00
85 +3.870167690e+04 +3.870167690e+04 +3.851786690e+04 +3.851786690e+04 -6.5268e-01 -1.0258e+00 -1.4404e-01 -9.3627e-01 -4.1768e+00 +1.0748e+00 -3.4693e+00 -1.3578e+00 +3.3396e-01 -1.0787e+00 +1.4021e-01 +1.6428e+00 +2.8305e-01 +2.2089e+00 +7.3545e-01 -1.0084e+00 -1.3831e+00 +7.9042e-01 +7.2117e-01 -2.7872e+00
199 +2.319060491e+04 +2.319060491e+04 +2.300679491e+04 +2.300679491e+04 -1.4437e+00 +2.9392e-01 +1.5254e-01 -6.2116e-01 -2.3577e+00 +6.7572e-01 -3.2094e+00 -8.3235e-01 +2.3424e-01 -7.5659e-01 +2.3289e-01 +1.3433e+00 -8.6566e-01 +1.4584e+00 +2.7201e-01 -9.1250e-01 -7.0101e-02 -4.4131e-01 -5.1083e-01 -2.0810e+00
668 +1.549756733e+04 +1.549756733e+04 +1.531375733e+04 +1.531375733e+04 -1.8540e+00 -9.1196e-02 +1.6915e+00 -5.8447e-01 -2.2093e+00 +2.2586e-01 -3.2052e+00 -1.2327e+00 +3.5332e-01 +2.1790e-01 +5.7804e-01 +1.3267e+00 -4.3243e-01 +1.5449e+00 +5.5302e-01 -5.3613e-01 +1.3449e-02 -4.1306e-01 -4.5106e-01 -2.0368e+00
% function evaluation | noise-free fitness - Fopt (-3.877500000000e+02) | best noise-free fitness - Fopt | measured fitness | best measured fitness | x1 | x2...
1 +9.525838373e+05 +9.525838373e+05 +9.521960873e+05 +9.521960873e+05 +1.5215e+00 -4.6652e+00 -1.6535e+00 -2.5642e+00 -6.0239e-01 -2.5337e+00 +1.4084e+00 -9.6566e-01 -1.2850e+00 -4.9483e+00 +3.5482e+00 -1.7343e+00 -3.0963e+00 -2.1818e+00 +3.1570e+00 +9.8848e-01 -1.2239e+00 -1.6966e-01 +4.5077e+00 +2.6297e+00
4 +1.455074067e+05 +1.455074067e+05 +1.451196567e+05 +1.451196567e+05 -3.0335e+00 +1.3340e+00 -1.8160e+00 +2.5056e+00 +3.3963e+00 +2.4316e+00 -3.4732e+00 +1.8316e+00 -1.9691e+00 +6.2773e-02 -1.1113e+00 -4.3366e+00 -2.5868e+00 +4.7218e-01 +2.3909e+00 +2.3685e+00 -1.7679e-01 -4.4431e+00 -4.7537e-01 +3.5650e+00
89 +9.146191172e+04 +9.146191172e+04 +9.107416172e+04 +9.107416172e+04 -1.7772e+00 +8.2642e-01 -2.2040e+00 -3.9005e-01 +1.5887e+00 +9.7246e-01 -2.9511e+00 +4.6985e-02 -8.1951e-01 -7.9986e-01 +2.6862e-01 -6.5172e-01 -2.6151e+00 +6.3464e-01 +2.0931e+00 +1.5519e+00 -3.1170e-01 -3.0065e+00 -2.2197e-01 -3.5035e+00
158 +5.601837252e+04 +5.601837252e+04 +5.563062252e+04 +5.563062252e+04 -3.5895e-01 -4.1315e-01 -2.2576e+00 +1.2767e+00 +1.4007e+00 -4.3498e-01 -8.8028e-01 -1.7220e-01 -9.0337e-01 -7.8948e-01 -1.1216e+00 +4.2182e-01 -2.4195e+00 -4.0692e-01 +2.0258e+00 +4.4145e-01 -4.6780e-01 -3.2488e+00 +1.5531e-02 +1.9716e+00
% function evaluation | noise-free fitness - Fopt (-7.009000000000e+01) | best noise-free fitness - Fopt | measured fitness | best measured fitness | x1 | x2...
1 +5.396439469e+05 +5.396439469e+05 +5.395738569e+05 +5.395738569e+05 +3.2342e+00 -3.1195e+00 -3.6332e+00 +6.6681e-01 +2.9763e+00 +3.4155e-01 -1.0822e+00 -3.9061e+00 +2.5044e+00 -2.9233e+00 +3.3772e+00 +1.3616e+00 -4.0786e+00 -3.2044e+00 -1.9995e+00 +3.7902e+00 -5.2473e-01 -4.6453e+00 +1.7476e+00 +3.7123e+00
4 +2.685754141e+05 +2.685754141e+05 +2.685053241e+05 +2.685053241e+05 -4.2860e+00 +4.0718e+00 +1.9399e+00 +1.9531e+00 +7.8284e-01 +3.7842e+00 +2.0506e+00 +2.7587e+00 -3.3841e-01 -7.7968e-01 +4.1323e+00 +3.8327e+00 +8.7241e-02 +5.9366e-01 +8.1741e-01 +1.9937e+00 +5.6236e-02 -2.2280e+00 -6.0703e-01 +4.6488e+00
7 +1.544011147e+05 +1.544011147e+05 +1.543310247e+05 +1.543310247e+05 -3.0452e+00 -3.2454e+00 +1.9716e+00 -3.1885e+00 -4.9743e+00 +3.6810e+00 -1.5361e+00 +2.0171e+00 -6.9532e-01 -2.5538e+00 +2.3291e+00 -4.1923e+00 +1.3730e+00 +4.1119e+00 -1.1156e+00 +1.7091e+00 +1.6360e-01 +9.2738e-01 -3.6718e-01 +1.9951e+00
29 +8.165454482e+04 +8.165454482e+04 +8.158445482e+04 +8.158445482e+04 +1.1314e+00 -3.1307e+00 -3.0685e+00 -2.7730e+00 -4.4605e+00 +1.9862e+00 -1.4289e+00 +4.5751e+00 -3.3626e+00 +3.2296e+00 -2.0421e+00 -2.0276e-01 -2.2423e+00 -8.7094e-01 -3.0729e+00 -1.0418e+00 -2.0496e+00 -2.6562e+00 +3.8308e+00 -1.2343e-01
45 +5.488754973e+04 +5.488754973e+04 +5.481745973e+04 +5.481745973e+04 +1.1412e+00 +1.9116e+00 -8.0108e-01 -2.8240e+00 -4.4501e+00 +3.8108e-01 +1.7267e+00 +2.0760e+00 +3.5963e+00 +1.7448e+00 -1.7848e+00 -8.0882e-01 -2.9177e+00 -5.4348e-01 +1.0055e+00 -1.6012e+00 -3.1397e+00 -9.7690e-01 +3.8048e+00 +1.1540e-01
54 +1.775760047e+04 +1.775760047e+04 +1.768751047e+04 +1.768751047e+04 +1.1251e+00 -1.2836e+00 -2.5072e+00 -2.7835e+00 -2.4036e+00 +2.4704e+00 -1.1859e+00 +3.5426e+00 +1.2319e+00 +1.5113e+00 -4.6362e-02 +2.0558e+00 +1.9525e+00 -6.7969e-01 -2.5671e+00 -1.6188e+00 -2.7793e+00 -1.3367e-01 +3.4886e+00 -3.7101e-01
90 +1.034997891e+04 +1.034997891e+04 +1.027988891e+04 +1.027988891e+04 +1.1251e+00 -1.2836e+00 -2.5072e+00 -2.7835e+00 -2.4036e+00 +2.4704e+00 -1.1859e+00 +3.5426e+00 +1.2319e+00 +1.5113e+00 -4.6362e-02 +1.2456e+00 +1.9525e+00 -6.7969e-01 -2.5671e+00 -1.6188e+00 -2.7793e+00 -1.3367e-01 +3.4886e+00 -3.7101e-01
115 +7.592995651e+03 +7.592995651e+03 +7.522905651e+03 +7.522905651e+03 +8.5706e-01 -1.2375e+00 -1.3667e+00 -2.7434e+00 -2.9962e+00 +1.0368e+00 -7.9371e-01 +3.5396e+00 +1.0725e-01 +1.6967e+00 -7.6194e-01 +4.7831e-01 +1.7893e-01 -1.3289e+00 -1.7754e+00 -8.9514e-01 -2.0728e+00 -2.2602e+00 +3.5246e+00 -1.2948e-01
170 +6.182879693e+03 +6.182879693e+03 +6.112789693e+03 +6.112789693e+03 +8.8673e-01 -1.2486e+00 -1.9749e+00 -2.7506e+00 -2.7495e+00 +1.3781e+00 -9.5407e-01 +3.5406e+00 +2.8041e-01 +1.6953e+00 -3.8720e-01 +5.1991e-01 +1.7922e+00 -1.2908e+00 -2.1639e+00 -1.0997e+00 -2.4030e+00 -9.2664e-01 +3.5061e+00 -1.3710e-01
415 +3.964451235e+03 +3.964451235e+03 +3.894361235e+03 +3.894361235e+03 +1.1676e+00 -1.2804e+00 -2.0437e+00 -2.6653e+00 -2.5749e+00 +1.5817e+00 -1.1470e+00 +2.9089e+00 +7.8196e-01 +1.6766e+00 -5.2445e-01 -6.1118e-03 +1.3147e+00 -9.9405e-01 -1.8123e+00 -1.1012e+00 -2.6951e+00 -1.0038e+00 +3.4185e+00 -1.2210e-01
% function evaluation | noise-free fitness - Fopt (-8.481100000000e+02) | best noise-free fitness - Fopt | measured fitness | best measured fitness | x1 | x2...
1 +6.704275147e+05 +6.704275147e+05 +6.695794047e+05 +6.695794047e+05 -2.8047e+00 -1.4044e+00 +3.8158e+00 -1.9653e-01 +4.6958e+00 +2.8433e+00 -4.8294e+00 +4.9748e+00 +6.5291e-01 -4.8228e+00 -1.0489e+00 +1.1720e+00 -1.6779e+00 -4.3536e-01 -2.7312e+00 +1.8501e+00 -6.3410e-01 -3.8421e+00 -1.5663e+00 -1.0867e+00
2 +4.483323852e+05 +4.483323852e+05 +4.474842752e+05 +4.474842752e+05 +3.1563e+00 -3.6528e+00 -2.1785e-01 -1.1695e+00 -2.7397e+00 +3.2120e-02 -1.7921e+00 +4.0617e+00 -2.7497e+00 -1.3044e+00 +3.0472e+00 +2.1967e+00 +4.1705e-01 -4.8345e+00 +2.5639e+00 -3.6937e+00 +1.3630e+00 +3.4677e+00 -1.7329e+00 +1.9981e-01
6 +2.163191928e+05 +2.163191928e+05 +2.154710828e+05 +2.154710828e+05 -1.7656e-01 -1.2040e+00 -2.9196e+00 +7.6098e-02 -2.0690e+00 -2.5585e+00 -4.1293e+00 +7.0102e-01 +2.3113e+00 +3.5842e+00 -3.6849e+00 +5.5319e-01 +5.9563e-01 -4.4627e+00 +2.9317e+00 -1.5793e+00 -3.2024e-01 +1.6992e+00 +8.9496e-01 -4.0976e+00
41 +7.510065549e+04 +7.510065549e+04 +7.425254549e+04 +7.425254549e+04 -1.3525e+00 -1.2881e+00 -1.0085e+00 +5.9999e-02 -1.0497e+00 +1.5887e+00 -4.3601e+00 +1.4467e+00 +1.4371e+00 -1.6679e+00 -1.3189e+00 +1.0209e+00 -4.5426e-01 -1.2510e+00 +2.8074e+00 -7.3428e-01 -5.0883e-01 +1.3202e+00 +5.4574e-01 -3.5772e+00
55 +4.482545836e+04 +4.482545836e+04 +4.397734836e+04 +4.397734836e+04 -3.2765e+00 -1.5078e+00 +2.9931e+00 +1.6817e+00 -1.1973e+00 +1.3842e+00 +6.6518e-01 +4.6713e-01 -1.8607e+00 +3.7040e+00 -1.5231e+00 +5.3893e-01 -2.8174e+00 -3.2193e+00 +2.7689e+00 -1.2369e+00 +9.0030e-01 +1.8465e+00 -3.6525e+00 -1.8636e+00
84 +3.121954998e+04 +3.121954998e+04 +3.037143998e+04 +3.037143998e+04 -3.2765e+00 -1.5078e+00 +2.9931e+00 +4.2111e-01 -1.1973e+00 +1.3842e+00 +6.6518e-01 +4.6713e-01 -1.8607e+00 +3.7040e+00 -1.5231e+00 +5.3893e-01 -2.8174e+00 -3.2193e+00 +2.7689e+00 -1.2369e+00 +9.0030e-01 +1.8465e+00 -3.6525e+00 -1.8636e+00
162 +2.429559844e+04 +2.429559844e+04 +2.344748844e+04 +2.344748844e+04 -3.2670e+00 -1.5676e+00 +2.6728e+00 +5.1312e-01 -1.2068e+00 +1.2291e+00 +5.9488e-01 +4.3132e-01 -1.7863e+00 +3.1921e+00 -1.6344e+00 +5.3715e-01 -2.7948e+00 -3.1993e+00 +2.7314e+00 -1.3571e+00 +1.0609e+00 +1.8443e+00 -3.0716e+00 -1.8493e+00
% function evaluation | noise-free fitness - Fopt (-5.978500000000e+02) | best noise-free fitness - Fopt | measured fitness | best measured fitness | x1 | x2...
1 +1.215257671e+06 +1.215257671e+06 +1.214659821e+06 +1.214659821e+06 +3.3259e+00 -2.0525e+00 -2.1493e+00 +4.4553e+00 +4.6201e+00 +4.0450e+00 +3.2156e-01 +6.1150e-01 +4.3310e-01 -2.7332e+00 -4.1769e+00 +3.4938e+00 +2.0763e+00 +1.4942e+00 +1.9336e+00 +3.4470e+00 +2.6616e+00 +2.0104e+00 +3.9542e+00 -4.1957e+00
5 +8.878684429e+05 +8.878684429e+05 +8.872705929e+05 +8.872705929e+05 +4.6219e-01 +4.4711e-01 +1.6947e-01 -3.3801e+00 -4.0444e+00 -4.7727e+00 +1.7035e+00 +1.7698e+00 -2.8550e+00 -8.8840e-01 +3.5966e+00 -3.6423e+00 -2.7436e+00 +2.4856e+00 -1.3169e+00 -3.7217e+00 -3.2782e+00 -3.8281e+00 +2.8387e+00 +1.4530e+00
7 +3.211953778e+05 +3.211953778e+05 +3.205975278e+05 +3.205975278e+05 +1.5243e+00 +1.7339e+00 +1.9059e+00 +2.8469e-01 -4.0671e+00 -3.8207e+00 -4.0951e-01 +3.2963e+00 -3.6793e+00 +1.0751e-01 -9.4814e-01 -8.0097e-01 +9.7213e-01 -3.7129e+00 -4.9292e+00 +3.3947e+00 +2.8295e+00 +3.9608e+00 -1.3254e+00 +1.0500e+00
24 +2.008714829e+05 +2.008714829e+05 +2.002736329e+05 +2.002736329e+05 -4.8373e+00 -5.4891e-02 -9.0217e-01 -4.1194e+00 -4.4754e-01 -5.2781e-01 -2.3755e+00 -3.9894e+00 -3.6790e-01 +1.6104e+00 -2.2418e+00 -2.0918e+00 +1.2111e+00 +2.5313e+00 -1.4916e+00 +3.0194e+00 +2.9695e+00 +1.3855e+00 -2.2834e+00 +2.6332e+00
47 +1.033516953e+05 +1.033516953e+05 +1.027538453e+05 +1.027538453e+05 -8.8106e-01 +1.4367e+00 +2.2596e-01 -3.8994e+00 -2.5997e+00 -2.8931e+00 -7.2345e-01 +3.0783e+00 -2.4032e+00 +6.9686e-01 -1.6014e+00 -2.0581e+00 +1.1997e+00 -3.1816e-01 -4.3382e+00 +3.3086e+00 +2.8947e+00 +2.0601e+00 -1.4829e+00 +1.8804e+00
58 +6.585558467e+04 +6.585558467e+04 +6.525773467e+04 +6.525773467e+04 -3.8438e+00 +6.5545e-01 -2.1706e+00 -2.6407e+00 +2.4035e-01 +1.6455e+00 -1.5269e+00 +2.8290e+00 -2.0388e+00 +9.6573e-01 -3.7395e+00 -2.1012e+00 +1.8090e+00 -9.6838e-01 -2.9036e+00 +9.6175e-01 +1.4185e+00 -6.3278e-01 -2.5616e+00 +1.7383e+00
100 +3.328534828e+04 +3.328534828e+04 +3.268749828e+04 +3.268749828e+04 -4.4775e+00 -7.4356e-01 -1.7489e+00 -1.5295e+00 +7.9930e-02 +9.8880e-01 -2.9333e+00 -1.7255e-02 -1.5798e+00 +8.6574e-01 -2.7945e+00 -3.1625e+00 -1.1489e+00 -8.4105e-01 -2.8649e+00 +1.9685e+00 +1.5229e+00 -8.2335e-01 -1.1264e+00 +1.5123e+00
184 +2.499338619e+04 +2.499338619e+04 +2.439553619e+04 +2.439553619e+04 -2.3444e+00 -1.2443e+00 -1.5690e+00 -2.3928e+00 -5.0054e-02 +1.0512e+00 -2.5794e+00 -1.1208e+00 -1.0765e+00 +1.4227e+00 -2.8071e+00 -2.5103e+00 -3.1563e-01 -7.4229e-01 -2.5969e+00 +1.8941e+00 +1.2735e+00 -1.8836e+00 -1.8194e+00 +1.2015e+00
1013 +1.507797412e+04 +1.507797412e+04 +1.448012412e+04 +1.448012412e+04 -2.7644e+00 -1.4676e+00 -1.0220e+00 -1.8029e+00 +2.5597e-02 +1.3127e+00 -2.6682e+00 -6.8810e-01 -9.5648e-01 +1.3138e+00 -3.3323e+00 -2.4316e+00 +2.9311e-01 -9.4829e-01 -2.6761e+00 +1.6976e+00 +1.3977e+00 -2.3308e+00 -2.0545e+00 +1.4771e+00
% function evaluation | noise-free fitness - Fopt (-1.073400000000e+02) | best noise-free fitness - Fopt | measured fitness | best measured fitness | x1 | x2...
1 +1.247261776e+06 +1.247261776e+06 +1.247154436e+06 +1.247154436e+06 +3.1184e+00 +4.7764e+00 -3.5311e+00 -3.5690e+00 +4.9146e+00 -2.8341e+00 -2.2531e-01 +2.2397e+00 +4.2851e+00 +4.0442e+00 -3.5115e-01 -1.3258e+00 -2.7001e+00 +1.9311e+00 -2.6516e+00 +1.0565e+00 +4.7159e+00 -4.1087e+00 -2.8130e+00 -4.9989e+00
2 +7.096531077e+05 +7.096531077e+05 +7.095457677e+05 +7.095457677e+05 -1.8861e+00 -1.4953e+00 -9.3422e-01 -3.4951e+00 -1.3927e+00 +2.1749e+00 +6.5487e-01 +9.5383e-01 +1.9904e+00 -1.3927e-01 +4.5299e+00 +3.3925e+00 -6.7007e-01 +1.1747e+00 +4.1519e+00 +2.8079e+00 -2.3389e+00 +3.1889e+00 +2.6228e+00 -2.3888e+00
5 +4.927458200e+05 +4.927458200e+05 +4.926384800e+05 +4.926384800e+05 -3.3539e+00 +6.0662e-01 -2.0941e+00 -1.7698e+00 -3.9419e+00 +1.2484e+00 +3.1126e+00 -3.9021e-01 +5.2712e-01 -2.8922e+00 -3.8055e-01 +4.5469e+00 +2.8967e+00 -1.2897e+00 +3.6271e+00 -2.4167e+00 -4.4902e+00 +3.8020e+00 -6.5543e-01 -2.5304e+00
14 +2.614391796e+05 +2.614391796e+05 +2.613318396e+05 +2.613318396e+05 +4.1955e-01 -4.0965e+00 +1.6091e+00 +1.6438e+00 +1.8360e+00 -1.9384e+00 +1.3509e-01 -1.9152e+00 -2.1655e+00 +1.3304e+00 +5.2104e-01 -4.0936e-01 +2.4611e+00 +4.0657e+00 -2.2029e+00 -1.9854e+00 -1.3496e+00 -1.5960e+00 -3.5487e+00 +1.6940e+00
42 +9.868865109e+04 +9.868865109e+04 +9.858131109e+04 +9.858131109e+04 +1.8220e-01 -2.2829e+00 +5.7969e-01 +1.1493e+00 -1.1640e+00 +8.1708e-01 +2.0364e-01 -1.6450e+00 +1.5409e+00 +5.1873e-01 +7.7077e-01 +2.4474e+00 +1.0545e+00 +2.3168e+00 +1.9131e+00 -1.1682e+00 -1.8130e+00 +1.2492e+00 -1.7767e+00 +1.2927e+00
131 +5.893668480e+04 +5.893668480e+04 +5.882934480e+04 +5.882934480e+04 +1.9307e-01 -2.2979e+00 +6.5421e-01 +1.2114e+00 -1.1638e+00 +5.3887e-01 -4.0392e-01 -1.7167e+00 -6.9172e-01 +5.5495e-01 +2.9279e-01 +1.5576e+00 +1.2334e+00 +2.3309e+00 +7.6396e-01 -1.2995e+00 -9.6027e-01 +1.2497e+00 +1.5563e-01 -8.7833e-01
