% function evaluation | noise-free fitness - Fopt (1.491500000000e+02) | best noise-free fitness - Fopt | measured fitness | best measured fitness | x1 | x2...
1 +7.468495298e+04 +7.468495298e+04 +7.483410298e+04 +7.483410298e+04 +2.1913e+00 -3.7451e+00 +1.8158e+00 -3.3271e+00 +3.5360e-01 -6.5709e-01 +5.6409e-03 -2.7000e+00 -4.2738e-01 +1.2698e+00
33 +2.762016355e+04 +2.762016355e+04 +2.776931355e+04 +2.776931355e+04 +2.0811e+00 +1.8634e+00 -2.3622e+00 +3.3218e+00 -4.1844e+00 -3.8696e+00 -3.4484e+00 -2.2561e+00 +1.1213e-01 -3.4491e+00
41 +1.762572536e+04 +1.762572536e+04 +1.777487536e+04 +1.777487536e+04 +2.0958e+00 +9.8755e-01 +3.6349e-01 -1.2767e+00 -7.3104e-01 -1.9910e+00 -8.3224e-01 -2.6249e+00 -2.7284e-01 -1.4426e+00
47 +1.013221926e+04 +1.013221926e+04 +1.028136926e+04 +1.028136926e+04 +7.3421e-01 -1.2322e+00 -1.5090e+00 +9.4261e-01 -3.9410e+00 -2.5505e+00 +7.4029e-01 -3.7910e+00 -1.4735e+00 -2.4805e+00
88 +4.251334589e+03 +4.251334589e+03 +4.400484589e+03 +4.400484589e+03 -1.9708e+00 -5.4901e-01 -1.4952e+00 +1.5641e+00 -3.4041e+00 -2.5639e+00 +5.7568e-01 -1.7920e+00 -1.0529e+00 -2.9501e+00
96 +3.770113969e+03 +3.770113969e+03 +3.919263969e+03 +3.919263969e+03 +5.6829e-01 +3.4267e-01 -1.8976e+00 +1.4948e+00 -4.1918e+00 -3.4654e+00 -2.0328e+00 -3.6461e+00 +2.9051e-02 -2.8260e+00
104 +1.159147318e+03 +1.159147318e+03 +1.308297318e+03 +1.308297318e+03 -2.7717e-01 -6.4273e-01 -1.4851e+00 +1.5420e+00 -3.9242e+00 -3.1416e+00 -2.2758e+00 -3.0201e+00 -5.9740e-01 -2.6614e+00
139 +7.940863089e+02 +7.940863089e+02 +9.432363089e+02 +9.432363089e+02 +7.1179e-02 -7.6547e-01 -5.3450e-01 +9.1875e-01 -3.8334e+00 -2.5842e+00 -1.7042e+00 -3.0222e+00 -2.5133e-01 -2.5525e+00
201 +5.902181078e+02 +5.902181078e+02 +7.393681078e+02 +7.393681078e+02 -6.2507e-02 -7.4452e-01 -1.0609e+00 +9.4284e-01 -3.5410e+00 -2.6837e+00 -1.5057e+00 -2.4900e+00 -5.6257e-01 -2.5725e+00
% function evaluation | noise-free fitness - Fopt (-1.000000000000e+03) | best noise-free fitness - Fopt | measured fitness | best measured fitness | x1 | x2...
1 +5.924412721e+05 +5.924412721e+05 +5.914412721e+05 +5.914412721e+05 +4.3089e+00 +2.2376e+00 +7.9901e-01 -3.7978e+00 +1.3933e+00 +3.0783e-01 -6.9044e-01 +3.8459e+00 +4.6543e+00 +2.8308e+00
2 +3.889497320e+05 +3.889497320e+05 +3.879497320e+05 +3.879497320e+05 +1.1307e+00 -3.0096e+00 -5.3533e-01 -3.5723e+00 +4.1341e+00 -2.8941e+00 -4.2443e+00 -3.7785e+00 +1.7596e-01 -2.6791e+00
5 +9.284052638e+04 +9.284052638e+04 +9.184052638e+04 +9.184052638e+04 -3.1899e+00 +1.8938e+00 +4.8992e+00 +2.3198e+00 +2.8948e-01 +3.2204e+00 -4.8376e-01 -3.1948e+00 +7.7779e-01 -4.0678e-01
42 +3.908098827e+04 +3.908098827e+04 +3.808098827e+04 +3.808098827e+04 +8.1886e-02 -1.6057e+00 +2.4045e+00 -1.1774e+00 -1.4501e+00 -2.2621e+00 -2.9726e+00 -3.6194e+00 -1.4324e+00 -2.6466e+00
58 +1.791104958e+04 +1.791104958e+04 +1.691104958e+04 +1.691104958e+04 -1.8859e+00 +1.1026e+00 -3.2257e-01 -2.3636e-01 -2.0717e+00 -1.0786e+00 -7.5946e-01 -1.7913e+00 +2.8037e+00 -1.9425e+00
89 +1.452884822e+04 +1.452884822e+04 +1.352884822e+04 +1.352884822e+04 -3.2456e+00 +1.9633e+00 +2.2198e+00 -2.0203e+00 -1.5635e+00 +9.3717e-01 +4.6080e-01 -6.9980e-01 +6.8587e-01 -2.9834e+00
120 +9.512624377e+03 +9.512624377e+03 +8.512624377e+03 +8.512624377e+03 -2.8129e+00 +3.3480e-01 +2.6344e+00 +4.4487e-01 -1.3588e+00 +9.9237e-01 -7.8338e-01 -7.0145e-01 +4.4458e-01 -2.1966e+00
147 +5.541949662e+03 +5.541949662e+03 +4.541949662e+03 +4.541949662e+03 -2.7626e+00 +1.4151e+00 +2.6106e+00 -1.4629e+00 -1.8410e+00 +1.2234e+00 -6.5459e-01 -7.6913e-01 +3.9054e-01 -2.6773e+00
185 +3.693686950e+03 +3.693686950e+03 +2.693686950e+03 +2.693686950e+03 -2.7993e+00 +1.2168e+00 +2.5583e+00 -7.4786e-01 -1.3039e+00 +4.4823e-01 -1.6689e+00 -7.0162e-01 -1.1698e-01 -2.2618e+00
400 +2.505810203e+03 +2.505810203e+03 +1.505810203e+03 +1.505810203e+03 -2.8992e+00 +1.4875e+00 +2.4821e+00 -8.0156e-01 -1.4599e+00 +5.9414e-01 -1.3193e+00 -7.5677e-01 +1.0168e-01 -1.3097e+00
% function evaluation | noise-free fitness - Fopt (9.862000000000e+01) | best noise-free fitness - Fopt | measured fitness | best measured fitness | x1 | x2...
1 +8.301860961e+05 +8.301860961e+05 +8.302847161e+05 +8.302847161e+05 -3.8225e+00 -2.2180e+00 +2.3923e+00 +3.9606e+00 -2.0788e+00 -2.8897e+00 -4.9114e+00 -1.7248e+00 +4.5485e+00 -3.8854e+00
2 +1.309410728e+05 +1.309410728e+05 +1.310396928e+05 +1.310396928e+05 -4.8342e+00 +2.0904e+00 +1.3205e+00 -2.3786e-01 +4.0867e+00 +2.9326e+00 -9.8630e-01 -4.7359e+00 +1.7943e+00 +3.5037e+00
4 +7.841564158e+04 +7.841564158e+04 +7.851426158e+04 +7.851426158e+04 -3.9921e+00 +1.8606e+00 +3.8985e+00 -4.0447e+00 -4.4592e+00 +3.4304e+00 -1.4709e+00 -3.4153e-02 -3.1924e+00 +4.3417e+00
16 +4.144168318e+04 +4.144168318e+04 +4.154030318e+04 +4.154030318e+04 -4.4931e+00 +2.4762e-01 +4.2069e+00 -3.7303e+00 +3.4757e+00 -1.7947e+00 -2.8156e+00 -3.2382e+00 -2.7483e+00 -4.4319e+00
44 +1.059977828e+04 +1.059977828e+04 +1.069839828e+04 +1.069839828e+04 -4.0399e+00 +4.5721e-01 +4.0020e+00 -4.0180e+00 -1.7963e+00 +9.0971e-01 -1.7510e+00 -3.1361e+00 -2.8838e+00 +3.3073e+00
63 +4.782344503e+03 +4.782344503e+03 +4.880964503e+03 +4.880964503e+03 -4.5088e+00 -4.3401e-01 +2.8473e+00 -3.4079e+00 -2.0514e-01 +4.2287e-01 -8.8840e-01 -2.4218e+00 -4.4147e+00 -1.2735e+00
102 +3.800059340e+03 +3.800059340e+03 +3.898679340e+03 +3.898679340e+03 -4.1825e+00 +2.0816e-01 +3.0987e+00 -1.7728e+00 +2.8117e-01 -3.4237e-01 -7.3968e-01 -2.5129e+00 -3.9738e+00 -1.5579e+00
127 +1.915798040e+03 +1.915798040e+03 +2.014418040e+03 +2.014418040e+03 -2.8162e+00 -4.6184e-01 +3.0897e+00 -3.5800e+00 -6.2176e-01 +5.3857e-01 -7.5244e-01 -2.3340e+00 -3.3096e+00 -1.8293e+00
138 +8.972230911e+02 +8.972230911e+02 +9.958430911e+02 +9.958430911e+02 -2.8344e+00 -9.7942e-01 +2.3585e+00 -3.6206e+00 -3.9901e-01 +1.3844e-01 -1.1090e+00 -2.6983e+00 -2.5635e+00 -2.1651e+00
241 +5.267301543e+02 +5.267301543e+02 +6.253501543e+02 +6.253501543e+02 -3.1136e+00 -9.6713e-01 +2.4236e+00 -3.4395e+00 -4.8551e-01 +1.5013e-01 -1.2375e+00 -2.6103e+00 -2.9823e+00 -1.8620e+00
% function evaluation | noise-free fitness - Fopt (-4.715000000000e+01) | best noise-free fitness - Fopt | measured fitness | best measured fitness | x1 | x2...
1 +1.810932105e+05 +1.810932105e+05 +1.810460605e+05 +1.810460605e+05 -4.7242e+00 +1.8528e+00 -4.8417e+00 +2.5200e+00 -2.8934e+00 -2.2617e+00 -1.5067e-01 -2.9656e+00 -8.1494e-01 -2.6387e+00
2 +4.777540309e+04 +4.777540309e+04 +4.772825309e+04 +4.772825309e+04 -3.5787e+00 +1.9948e+00 +2.1392e+00 -1.3817e-01 +1.4395e-01 +2.6902e-01 -4.9342e+00 -2.6987e+00 -2.8110e+00 -2.1267e+00
44 +1.505406204e+04 +1.505406204e+04 +1.500691204e+04 +1.500691204e+04 -2.2524e+00 +1.6451e+00 -1.0828e+00 -1.1647e+00 +1.1354e+00 +1.9285e+00 -3.9832e+00 -2.7785e+00 -2.9852e+00 -6.0597e-01
139 +9.969843531e+03 +9.969843531e+03 +9.922693531e+03 +9.922693531e+03 -1.9748e+00 -2.2779e+00 +9.1487e-01 -1.5326e+00 -4.4365e-01 +1.5445e-01 -4.6680e+00 -1.5449e+00 -1.1939e+00 -2.0058e+00
161 +5.656612709e+03 +5.656612709e+03 +5.609462709e+03 +5.609462709e+03 -2.0424e+00 -1.7311e+00 +3.4232e-01 -1.5062e+00 -4.0829e-01 +9.3592e-02 -4.6405e+00 -1.5771e+00 -1.1940e+00 -2.2139e+00
% function evaluation | noise-free fitness - Fopt (3.752000000000e+01) | best noise-free fitness - Fopt | measured fitness | best measured fitness | x1 | x2...
1 +4.362086492e+05 +4.362086492e+05 +4.362461692e+05 +4.362461692e+05 -2.5241e+00 -4.3904e+00 +8.4495e-01 +4.0218e+00 -4.3870e+00 +1.1072e+00 +2.6569e+00 +3.1583e+00 +2.3502e+00 +2.9096e+00
2 +1.486830570e+05 +1.486830570e+05 +1.487205770e+05 +1.487205770e+05 -5.7096e-01 +5.6040e-01 -1.9208e+00 -2.4645e+00 +1.7090e+00 +6.0282e-01 +4.2280e+00 -3.0526e+00 -1.8689e+00 -7.7529e-01
22 +6.116680276e+04 +6.116680276e+04 +6.120432276e+04 +6.120432276e+04 -8.1646e-01 -3.6789e+00 +4.2939e+00 -4.1410e+00 +4.4869e+00 -3.0278e+00 -7.9258e-02 -1.2881e+00 +4.2651e+00 +1.4579e-01
39 +3.652842465e+04 +3.652842465e+04 +3.656594465e+04 +3.656594465e+04 +4.1738e+00 -3.6802e+00 +2.4459e+00 +1.4845e+00 +2.5743e+00 +2.9441e+00 +7.1023e-01 +4.1082e-01 +1.2803e-01 +4.6920e+00
44 +1.544848232e+04 +1.544848232e+04 +1.548600232e+04 +1.548600232e+04 +2.7934e+00 -3.4548e+00 +1.8324e+00 +1.2664e-01 -6.0754e-01 +3.0911e+00 +1.9368e+00 +9.4462e-01 -1.3686e+00 +3.6491e+00
95 +9.376269288e+03 +9.376269288e+03 +9.413789288e+03 +9.413789288e+03 +3.2169e+00 -4.2958e+00 +3.3794e+00 +2.9433e-01 +1.5012e+00 +1.0996e+00 +9.6759e-01 +1.2276e-02 +2.5550e+00 +7.0767e-02
% function evaluation | noise-free fitness - Fopt (2.847900000000e+02) | best noise-free fitness - Fopt | measured fitness | best measured fitness | x1 | x2...
1 +1.309092816e+04 +1.309092816e+04 +1.337571816e+04 +1.337571816e+04 +8.0195e-02 +8.8570e-01 +1.8545e+00 +2.8457e+00 +6.7826e-01 +1.1962e+00 +1.9489e+00 +2.6136e+00 -4.0394e+00 -3.0892e+00
43 +7.589269605e+03 +7.589269605e+03 +7.874059605e+03 +7.874059605e+03 -4.2779e-01 +8.5161e-01 -7.3378e-01 +2.2593e-01 +3.7041e-01 +2.1152e+00 +1.8025e+00 +1.2969e+00 -3.7094e+00 -3.0711e+00
85 +5.849068028e+03 +5.849068028e+03 +6.133858028e+03 +6.133858028e+03 +1.5471e+00 +1.0307e+00 -8.9466e-01 -1.2869e-01 +3.1527e-02 +6.8335e-01 +1.5852e+00 +1.8270e+00 -3.2699e+00 -1.1841e+00
107 +3.429363727e+03 +3.429363727e+03 +3.714153727e+03 +3.714153727e+03 +9.9262e-02 -7.4756e-02 -1.6287e-01 +2.0645e+00 -1.3406e+00 +1.6967e+00 +1.3694e+00 +3.2674e+00 -3.6704e+00 -3.1720e+00
215 +2.458654793e+03 +2.458654793e+03 +2.743444793e+03 +2.743444793e+03 -1.7581e-01 +3.4874e-03 -1.6207e-01 +2.0209e+00 -9.8369e-01 +1.8119e+00 +1.3268e+00 +2.0569e+00 -3.8640e+00 -3.0766e+00
% function evaluation | noise-free fitness - Fopt (7.760000000000e+00) | best noise-free fitness - Fopt | measured fitness | best measured fitness | x1 | x2...
1 +3.842212837e+05 +3.842212837e+05 +3.842290437e+05 +3.842290437e+05 -4.7476e+00 +2.2248e-01 +5.7639e-01 +2.7616e+00 +3.4289e+00 -4.5347e+00 -4.2393e-01 +3.8361e-01 +3.8205e+00 +4.3995e+00
12 +2.019961640e+05 +2.019961640e+05 +2.020039240e+05 +2.020039240e+05 -2.4852e+00 +2.3949e-01 -3.7234e+00 +2.3726e+00 +2.0113e-01 -2.5332e-01 +4.8699e-01 +4.5453e+00 +5.2853e-01 -2.2074e+00
13 +8.201153087e+04 +8.201153087e+04 +8.201929087e+04 +8.201929087e+04 -1.2022e+00 +1.5908e+00 +5.1283e-01 -2.8550e+00 -7.7500e-02 -3.6622e+00 -4.7018e+00 -4.5464e+00 -2.1308e+00 -1.5592e+00
49 +3.850382305e+04 +3.850382305e+04 +3.851158305e+04 +3.851158305e+04 -6.1639e-01 -2.9090e+00 -1.0751e+00 -8.9924e-01 +1.3833e+00 +1.1422e-01 +7.5614e-01 -8.6115e-01 -9.2070e-01 +1.1426e+00
53 +1.796052387e+04 +1.796052387e+04 +1.796828387e+04 +1.796828387e+04 -1.3642e+00 -1.0195e+00 -1.0712e+00 -3.5108e+00 -2.6561e+00 +2.9414e-01 -3.0075e+00 -2.8818e+00 -1.7697e+00 +2.2686e+00
75 +1.365830168e+04 +1.365830168e+04 +1.366606168e+04 +1.366606168e+04 +2.3922e+00 -3.1396e+00 -2.3392e+00 +8.9678e-01 -9.4447e-01 -1.8050e-01 -3.1222e+00 -3.8943e+00 +6.2481e-01 -1.1378e+00
81 +5.603126069e+03 +5.603126069e+03 +5.610886069e+03 +5.610886069e+03 +1.2786e+00 -3.1277e+00 -2.1089e+00 -2.5401e+00 -1.4936e+00 -3.3550e+00 -2.4859e+00 -2.7233e+00 +8.6159e-01 +3.7277e+00
101 +3.244180130e+03 +3.244180130e+03 +3.251940130e+03 +3.251940130e+03 +2.2193e+00 -2.2683e+00 -3.8875e+00 -1.5820e+00 -1.3657e+00 +7.4198e-01 -1.3394e+00 -2.2444e+00 -2.2629e+00 -2.1263e-01
155 +1.010239994e+03 +1.010239994e+03 +1.017999994e+03 +1.017999994e+03 +2.2540e+00 -2.9605e+00 -2.3650e+00 -1.4491e+00 -1.0059e+00 +3.5341e-01 -3.0350e+00 -2.4663e+00 -5.8233e-01 -8.3979e-01
179 +7.319699293e+02 +7.319699293e+02 +7.397299293e+02 +7.397299293e+02 +2.3079e+00 -2.9787e+00 -3.4214e+00 -1.4428e+00 -1.0246e+00 +2.5205e-01 -3.0371e+00 -2.4998e+00 -2.8746e-01 -5.9162e-01
206 +5.401901748e+02 +5.401901748e+02 +5.479501748e+02 +5.479501748e+02 +2.2951e+00 -2.9744e+00 -2.8099e+00 -1.2139e+00 -9.9845e-01 +2.8718e-01 -2.0390e+00 +1.5819e-01 -3.1890e-01 -5.6409e-01
274 +3.815590804e+02 +3.815590804e+02 +3.893190804e+02 +3.893190804e+02 +2.3013e+00 -2.9476e+00 -3.2777e+00 -1.4195e+00 -8.8599e-01 -2.5896e-02 -2.5979e+00 -2.5078e+00 -5.9105e-01 -6.0768e-01
% function evaluation | noise-free fitness - Fopt (-3.822100000000e+02) | best noise-free fitness - Fopt | measured fitness | best measured fitness | x1 | x2...
1 +3.303417275e+05 +3.303417275e+05 +3.299595175e+05 +3.299595175e+05 +2.4803e+00 +2.4504e+00 +4.2625e+00 -2.3511e+00 +2.4038e+00 -4.2766e+00 -2.5148e+00 -2.3198e+00 -2.2355e-01 +4.8550e+00
2 +5.339106597e+04 +5.339106597e+04 +5.300885597e+04 +5.300885597e+04 -3.7326e+00 +1.3947e+00 -7.1881e-01 +3.2150e+00 +9.9174e-01 +1.9183e+00 -2.6723e+00 -1.9277e+00 -3.0828e+00 +1.0630e+00
19 +3.222151334e+04 +3.222151334e+04 +3.183930334e+04 +3.183930334e+04 -4.0556e+00 -3.5177e+00 -8.8273e-01 -1.0588e+00 -1.9801e-01 +5.7671e-01 +2.3157e+00 +2.8026e-02 -2.6729e-01 -5.9195e-01
26 +1.797197558e+04 +1.797197558e+04 +1.758976558e+04 +1.758976558e+04 -7.4640e-02 +1.7550e+00 -2.0394e+00 +4.0745e+00 -3.4005e+00 +1.4765e+00 +5.8648e-01 -2.1808e+00 +4.3558e-01 +1.2566e+00
51 +8.555897269e+03 +8.555897269e+03 +8.173687269e+03 +8.173687269e+03 -9.9390e-01 +2.0231e+00 -1.0516e+00 -1.9281e-01 -1.4798e+00 +1.3358e+00 -1.4041e-01 -1.8189e+00 -2.5193e+00 +3.2067e+00
53 +5.890057128e+03 +5.890057128e+03 +5.507847128e+03 +5.507847128e+03 -2.9907e-02 +1.6431e+00 +9.7108e-01 +1.9823e+00 -2.5444e+00 -3.7172e-01 +5.3274e-01 -2.2065e+00 -1.1854e+00 -5.8378e-01
103 +2.102294011e+03 +2.102294011e+03 +1.720084011e+03 +1.720084011e+03 -1.2854e+00 +1.0433e+00 -5.0350e-01 +1.5106e+00 -1.8804e+00 +9.3514e-01 +6.8770e-01 -1.2499e+00 +5.3167e-01 +3.3656e-01
176 +1.326163143e+03 +1.326163143e+03 +9.439531434e+02 +9.439531434e+02 -1.1227e+00 +4.6347e-01 -4.8142e-01 +2.4958e+00 -1.6622e+00 +3.2527e-01 -4.9120e-01 -1.2465e+00 +5.8476e-01 +7.7363e-01
252 +9.729674960e+02 +9.729674960e+02 +5.907574960e+02 +5.907574960e+02 -1.0227e+00 +3.9776e-01 -4.4806e-01 +2.3350e+00 -1.7898e+00 +3.4896e-01 -1.1989e-01 -1.1926e+00 +6.0623e-01 +9.6337e-02
654 +5.974417443e+02 +5.974417443e+02 +2.152317443e+02 +2.152317443e+02 -1.0250e+00 +6.4342e-01 -4.4805e-01 +2.2835e+00 -2.2140e+00 +3.2784e-01 -2.0806e-01 -1.1927e+00 +5.8863e-01 +1.1696e-01
% function evaluation | noise-free fitness - Fopt (-1.000000000000e+03) | best noise-free fitness - Fopt | measured fitness | best measured fitness | x1 | x2...
1 +3.993640372e+05 +3.993640372e+05 +3.983640372e+05 +3.983640372e+05 +4.0644e-01 -1.1108e+00 -2.4735e+00 +4.5028e+00 +3.8010e+00 -4.9387e+00 +2.1781e+00 +3.9689e+00 -4.5816e+00 +3.8753e+00
2 +1.908763822e+05 +1.908763822e+05 +1.898763822e+05 +1.898763822e+05 +1.4439e+00 +4.5389e+00 -1.3859e+00 +6.8071e-01 +4.1804e+00 -1.7059e+00 -6.9926e-01 -2.1068e+00 +2.9515e-01 +7.1779e-01
4 +6.257655968e+04 +6.257655968e+04 +6.157655968e+04 +6.157655968e+04 -1.9401e-02 -8.9365e-01 -4.6040e+00 -4.2571e+00 +1.6131e+00 +4.7327e+00 -4.5810e+00 -2.7994e+00 -1.3000e+00 +4.0598e+00
31 +3.919938209e+04 +3.919938209e+04 +3.819938209e+04 +3.819938209e+04 -2.7687e+00 -4.3064e+00 -2.2974e+00 -3.7126e+00 -3.2454e+00 -8.4712e-01 -2.4718e+00 +2.5501e+00 -2.2539e+00 -3.5801e+00
46 +2.367764323e+04 +2.367764323e+04 +2.267764323e+04 +2.267764323e+04 -2.3126e+00 -2.9731e+00 -1.1340e+00 -2.8692e+00 -2.0816e-01 +3.3550e+00 +1.1251e+00 -5.6308e-01 +1.1511e+00 -1.5087e+00
49 +1.198499919e+04 +1.198499919e+04 +1.098499919e+04 +1.098499919e+04 -1.0817e+00 -1.6538e+00 -2.2180e+00 -3.4429e+00 -3.1711e+00 +1.5006e+00 -3.8993e+00 -2.7009e+00 +3.5649e-01 +2.2359e+00
72 +7.307264182e+03 +7.307264182e+03 +6.307264182e+03 +6.307264182e+03 +1.8780e+00 -1.7201e+00 -2.3735e+00 -2.3547e+00 -2.2808e+00 -6.1483e-01 -3.1349e+00 +1.8715e+00 -2.7465e+00 -1.2609e+00
87 +6.226791190e+03 +6.226791190e+03 +5.226791190e+03 +5.226791190e+03 -4.8833e-01 -2.1336e+00 -1.4990e+00 -1.1147e+00 +2.0331e-01 +3.3833e-01 -3.0709e+00 +1.8371e+00 -3.2543e+00 -3.0208e+00
147 +2.822285117e+03 +2.822285117e+03 +1.822285117e+03 +1.822285117e+03 +6.8558e-01 -1.5438e+00 -8.8866e-01 -6.3855e-01 -2.7040e+00 +1.5162e+00 -2.9195e+00 +1.3008e+00 -1.4175e+00 -2.8986e+00
165 +1.746342045e+03 +1.746342045e+03 +7.463420453e+02 +7.463420453e+02 +5.9242e-01 -1.6497e+00 -1.1254e+00 -1.6788e+00 -2.3773e+00 +7.8004e-02 -2.5718e+00 +1.2278e+00 -4.5348e-01 -1.5686e+00
206 +1.499071301e+03 +1.499071301e+03 +4.990713013e+02 +4.990713013e+02 +1.8520e-01 -1.6568e+00 -1.1888e+00 -1.4563e+00 -2.0401e+00 +9.3110e-01 -2.9781e+00 +1.5980e+00 -1.5290e+00 -2.6812e+00
347 +9.464075575e+02 +9.464075575e+02 -5.359244247e+01 -5.359244247e+01 -1.2475e-01 -1.6607e+00 -1.5357e+00 -1.2360e+00 -1.3174e+00 +6.8430e-01 -2.6093e+00 +1.6205e+00 -1.3360e+00 -2.2544e+00
% function evaluation | noise-free fitness - Fopt (-1.838100000000e+02) | best noise-free fitness - Fopt | measured fitness | best measured fitness | x1 | x2...
1 +1.007439371e+06 +1.007439371e+06 +1.007255561e+06 +1.007255561e+06 +4.9011e+00 +1.1489e+00 +1.7003e+00 -3.3793e-01 +4.9171e+00 +4.4658e+00 +4.7275e+00 +2.7317e+00 -4.6265e+00 -4.0630e+00
2 +3.769672173e+05 +3.769672173e+05 +3.767834073e+05 +3.767834073e+05 +2.0249e+00 +3.5838e+00 -4.6868e+00 -7.0928e-02 -9.8845e-01 -6.5714e-01 -1.9485e+00 +3.0133e+00 +1.0875e+00 +3.4223e+00
5 +2.054988649e+05 +2.054988649e+05 +2.053150549e+05 +2.053150549e+05 +2.9209e+00 +7.8556e-01 +2.3087e+00 -2.9091e+00 -7.1182e-01 -1.4067e+00 -4.8122e+00 +1.5437e+00 -2.2543e+00 +1.2709e+00
6 +1.032148084e+05 +1.032148084e+05 +1.030309984e+05 +1.030309984e+05 -4.3643e+00 +2.3176e+00 -3.5992e+00 +3.1828e+00 -7.6382e-01 +2.1902e+00 +8.7644e-01 +1.5915e-01 +8.0577e-01 -2.1857e+00
11 +8.339928799e+04 +8.339928799e+04 +8.321547799e+04 +8.321547799e+04 -1.2392e-01 +1.0541e+00 -1.6564e+00 +3.4726e+00 -1.1284e+00 -3.3854e-01 +2.7993e+00 -1.1449e+00 -3.3881e+00 +3.6832e+00
13 +4.269578865e+04 +4.269578865e+04 +4.251197865e+04 +4.251197865e+04 -1.5014e+00 +2.3148e+00 -9.5241e-02 +3.7970e+00 -1.3001e-01 -4.1371e+00 -2.3480e+00 -2.9642e+00 +3.2939e+00 +3.8089e+00
22 +3.161026666e+04 +3.161026666e+04 +3.142645666e+04 +3.142645666e+04 +1.2625e+00 -2.8748e-01 +1.6807e+00 -1.0742e+00 -7.8813e-01 +1.1627e+00 -2.8247e+00 -3.8059e+00 -8.2915e-01 +7.2116e-01
46 +1.873593384e+04 +1.873593384e+04 +1.855212384e+04 +1.855212384e+04 -1.9263e+00 +8.7056e-01 -1.4386e+00 +2.7914e+00 -7.8036e-01 +2.1721e+00 +6.3567e-01 -7.7402e-01 +4.2038e-01 +3.3377e-01
49 +1.308057609e+04 +1.308057609e+04 +1.289676609e+04 +1.289676609e+04 -6.4441e-01 +2.0577e+00 +1.9096e+00 +3.1595e+00 -2.4842e+00 +4.9484e-02 -2.0872e+00 -3.6076e+00 -1.0941e+00 -3.0556e-01
90 +4.849819231e+03 +4.849819231e+03 +4.666009231e+03 +4.666009231e+03 -5.8678e-01 +5.5084e-01 +1.1192e+00 -1.3695e-01 -2.2373e+00 -4.6694e-01 -2.2827e+00 -2.5324e+00 -3.3619e-01 +3.4106e-01
116 +3.936662782e+03 +3.936662782e+03 +3.752852782e+03 +3.752852782e+03 -5.2377e-01 -4.8227e-01 +1.5284e+00 +3.0588e+00 -1.8034e+00 -1.6470e+00 -2.3693e+00 -1.7718e+00 -5.5807e-01 +2.6383e+00
128 +2.248255798e+03 +2.248255798e+03 +2.064445798e+03 +2.064445798e+03 -4.3981e-01 +5.6693e-01 +1.6125e+00 +2.2491e+00 -1.8356e+00 -6.5706e-01 -1.2487e+00 -1.9482e+00 -4.4287e-01 +2.2070e+00
399 +1.460688875e+03 +1.460688875e+03 +1.276878875e+03 +1.276878875e+03 -4.5421e-01 +5.2577e-01 +1.6628e+00 +2.7152e+00 -2.1859e+00 -1.4579e-01 -5.2003e-01 -2.1271e+00 -2.3256e-01 +2.1972e+00
% function evaluation | noise-free fitness - Fopt (-3.877500000000e+02) | best noise-free fitness - Fopt | measured fitness | best measured fitness | x1 | x2...
1 +2.469785823e+05 +2.469785823e+05 +2.465908323e+05 +2.465908323e+05 +2.6157e+00 -6.8313e-02 -4.5818e+00 -4.4256e-02 -3.3302e+00 +1.8378e+00 -3.4028e+00 +2.5036e+00 +1.0879e-01 +2.6509e+00
4 +1.117897995e+05 +1.117897995e+05 +1.114020495e+05 +1.114020495e+05 -1.7448e+00 -4.0177e+00 +3.8164e-02 +2.3071e+00 -3.5483e+00 +4.7567e+00 -2.8748e-01 -4.9297e+00 -1.3486e+00 -3.0964e+00
13 +2.205535045e+04 +2.205535045e+04 +2.166760045e+04 +2.166760045e+04 -4.6439e+00 +1.0437e+00 -4.6695e+00 +1.3290e+00 -1.4230e+00 +3.9465e+00 +2.6491e-01 -5.2888e-01 +3.8644e+00 +4.8458e+00
56 +9.989466150e+03 +9.989466150e+03 +9.601716150e+03 +9.601716150e+03 -2.9919e+00 -1.4586e+00 -4.2248e+00 +1.7951e+00 +2.8684e+00 +3.7864e+00 +2.8703e-01 -3.0194e-01 +2.8815e+00 +2.4361e+00
98 +5.269400616e+03 +5.269400616e+03 +4.881650616e+03 +4.881650616e+03 -4.1250e+00 -1.1604e+00 -4.0790e+00 +3.0567e-01 +2.7827e+00 +1.1259e+00 -3.1287e-01 -3.3986e-01 +3.0279e+00 +9.9868e-01
124 +3.244228461e+03 +3.244228461e+03 +2.856478461e+03 +2.856478461e+03 -3.8038e+00 -1.3061e+00 -4.1472e+00 +1.3161e+00 +1.8995e+00 +2.5562e+00 -7.6811e-02 -1.0302e+00 +3.0256e+00 +1.1215e+00
190 +2.457448664e+03 +2.457448664e+03 +2.069698664e+03 +2.069698664e+03 -3.8808e+00 -9.0195e-01 -4.1493e+00 +1.2997e+00 +1.8938e+00 +2.5226e+00 -3.2808e-01 -8.9625e-01 +3.0206e+00 +1.8873e+00
% function evaluation | noise-free fitness - Fopt (-7.009000000000e+01) | best noise-free fitness - Fopt | measured fitness | best measured fitness | x1 | x2...
1 +7.494443738e+05 +7.494443738e+05 +7.493742838e+05 +7.493742838e+05 +6.9354e-01 -9.9958e-02 +4.8766e+00 -4.3488e+00 +2.9008e+00 -5.7887e-01 -3.1202e+00 -2.8220e+00 -4.5318e+00 -1.0106e+00
2 +5.360451653e+05 +5.360451653e+05 +5.359750753e+05 +5.359750753e+05 +4.6079e+00 +4.1077e+00 +4.0025e+00 +1.8010e+00 +3.2378e+00 +2.3360e+00 -4.1302e-01 +3.3681e+00 -4.6810e+00 +4.3669e+00
3 +2.383107891e+05 +2.383107891e+05 +2.382406991e+05 +2.382406991e+05 -1.9173e+00 -3.5504e+00 -4.4040e+00 +4.3673e+00 +6.5355e-01 +2.0655e+00 -4.3283e+00 +1.7881e+00 +2.5497e+00 -1.2312e+00
6 +5.183640668e+04 +5.183640668e+04 +5.176631668e+04 +5.176631668e+04 -1.7624e+00 -1.3316e+00 +1.5756e-01 +2.8958e+00 -2.7102e+00 +1.4603e+00 +9.9525e-01 +1.9971e-01 -1.3665e+00 +4.7819e+00
58 +1.004041809e+04 +1.004041809e+04 +9.970328086e+03 +9.970328086e+03 +1.3793e+00 +7.1820e-01 -4.2632e-02 +3.0503e-01 -2.8267e+00 +2.9795e+00 +2.0660e-01 +1.3744e+00 -1.3810e+00 +6.3265e-01
86 +9.932168788e+03 +9.932168788e+03 +9.862078788e+03 +9.862078788e+03 -1.3514e+00 +7.1820e-01 -4.2632e-02 +3.0503e-01 -2.8267e+00 +2.9795e+00 +2.0660e-01 +1.3744e+00 -1.3810e+00 +6.3265e-01
152 +5.981675715e+03 +5.981675715e+03 +5.911585715e+03 +5.911585715e+03 +1.1728e+00 +2.3690e-02 -1.5181e-02 +3.6734e-01 -1.5022e+00 +2.7619e+00 +3.2925e-01 +1.3306e+00 -1.2018e+00 +2.2073e+00
3414 +3.938982568e+03 +3.938982568e+03 +3.868892568e+03 +3.868892568e+03 +2.0697e-01 -7.4860e-02 -2.7339e-01 +3.2522e-01 -2.1162e+00 +2.1840e+00 +8.8713e-01 +1.3716e+00 -1.0480e+00 +2.2651e+00
% function evaluation | noise-free fitness - Fopt (-8.481100000000e+02) | best noise-free fitness - Fopt | measured fitness | best measured fitness | x1 | x2...
1 +9.721737470e+04 +9.721737470e+04 +9.636926470e+04 +9.636926470e+04 -2.7969e+00 -2.9725e+00 +1.6951e+00 -4.9399e+00 +2.1659e+00 -1.3861e+00 -4.0724e+00 +1.2544e+00 -1.2914e-01 +2.7377e+00
2 +6.217495157e+04 +6.217495157e+04 +6.132684157e+04 +6.132684157e+04 -4.0126e+00 +3.7392e+00 -2.8389e+00 -1.8812e+00 -2.8124e+00 +3.2083e+00 -4.4008e+00 -1.7343e+00 -3.2547e+00 +2.9245e+00
41 +2.470526813e+04 +2.470526813e+04 +2.385715813e+04 +2.385715813e+04 -2.7903e+00 -1.5866e+00 +2.0307e+00 -3.3405e+00 -3.7799e-01 -1.4608e+00 -3.2670e+00 +1.6215e+00 -2.9405e-01 +2.6659e+00
47 +6.692787279e+03 +6.692787279e+03 +5.844677279e+03 +5.844677279e+03 -2.5692e+00 +1.6655e+00 +1.1142e+00 -1.6172e+00 -3.5113e+00 -1.3530e+00 +5.0455e-02 -1.3518e+00 -1.5136e+00 +2.5175e+00
97 +5.180025492e+03 +5.180025492e+03 +4.331915492e+03 +4.331915492e+03 -2.2624e+00 +1.7542e+00 +1.3647e+00 -3.7411e-01 -2.9646e+00 -4.7301e-01 -2.4055e-01 +1.1893e-01 -2.3673e+00 -2.1662e+00
122 +2.765809085e+03 +2.765809085e+03 +1.917699085e+03 +1.917699085e+03 -2.4160e+00 +1.7271e+00 +1.3625e+00 -1.4574e+00 -3.1423e+00 -5.8443e-01 -4.7256e-02 -1.1029e+00 -2.1520e+00 +1.6538e+00
184 +2.488333535e+03 +2.488333535e+03 +1.640223535e+03 +1.640223535e+03 -2.3189e+00 +1.6718e+00 +1.3820e+00 -9.1520e-01 -3.1315e+00 -5.5894e-01 -6.1246e-01 -7.1084e-01 -1.9399e+00 +5.9464e-01
303 +1.414934287e+03 +1.414934287e+03 +5.668242874e+02 +5.668242874e+02 -2.2848e+00 +1.1110e+00 +1.4391e+00 -1.3563e+00 -3.0816e+00 -5.1903e-01 -5.3822e-01 -6.0348e-01 -1.5370e+00 +2.3931e-01
% function evaluation | noise-free fitness - Fopt (-5.978500000000e+02) | best noise-free fitness - Fopt | measured fitness | best measured fitness | x1 | x2...
1 +2.486666732e+05 +2.486666732e+05 +2.480688232e+05 +2.480688232e+05 -2.6222e+00 +8.0422e-01 -3.7671e+00 -3.9704e+00 +2.9132e+00 -8.3296e-01 -4.8275e-01 +4.4344e+00 +3.2229e+00 -3.3936e+00
9 +6.351397415e+04 +6.351397415e+04 +6.291612415e+04 +6.291612415e+04 -3.5954e-02 -2.6098e+00 +3.0381e+00 -3.3760e+00 +7.0188e-01 +2.7897e-01 +1.2816e+00 +3.2457e+00 -3.8553e+00 -3.8729e+00
43 +5.559699889e+04 +5.559699889e+04 +5.499914889e+04 +5.499914889e+04 -1.0816e+00 -2.8668e+00 +3.2642e+00 -2.5350e+00 -4.2624e-01 +2.9562e+00 +1.2176e+00 -9.3278e-01 -3.6478e+00 -3.3596e+00
53 +1.255641792e+04 +1.255641792e+04 +1.195856792e+04 +1.195856792e+04 -1.2105e+00 -2.3690e+00 +1.1591e+00 -3.1829e+00 +7.4007e-01 -6.9073e-01 -3.8355e-01 +3.2671e-01 -1.9899e+00 -2.0051e+00
124 +9.748375505e+03 +9.748375505e+03 +9.150525505e+03 +9.150525505e+03 -1.7091e+00 -2.7240e+00 +1.3532e+00 -2.2231e+00 +1.0067e+00 -5.6678e-01 -2.9727e-01 +2.4696e+00 -2.0583e+00 -2.8816e+00
% function evaluation | noise-free fitness - Fopt (-1.073400000000e+02) | best noise-free fitness - Fopt | measured fitness | best measured fitness | x1 | x2...
1 +4.577224968e+05 +4.577224968e+05 +4.576151568e+05 +4.576151568e+05 -5.4258e-01 +4.7914e+00 -1.2534e+00 +2.3577e-01 -1.4528e+00 +1.0223e+00 +3.8027e+00 -3.7502e+00 -6.3702e-01 +3.8758e+00
2 +2.331958972e+05 +2.331958972e+05 +2.330885572e+05 +2.330885572e+05 -4.3825e+00 -4.6480e+00 -4.9632e+00 +6.4476e-01 +1.8172e+00 +4.6137e+00 +4.6265e+00 -3.3467e+00 +1.1627e+00 +5.4112e-01
11 +6.703610413e+04 +6.703610413e+04 +6.692876413e+04 +6.692876413e+04 +3.6345e+00 -1.9317e+00 +2.9703e+00 +1.7774e+00 -2.5787e+00 +4.3554e+00 +8.2861e-01 +2.2094e+00 +1.0329e+00 +1.9369e+00
17 +5.053434510e+04 +5.053434510e+04 +5.042700510e+04 +5.042700510e+04 -5.5687e-02 +4.5093e-02 -4.2484e+00 +3.2465e+00 -1.5654e+00 +5.4052e-02 -8.8313e-01 -1.5848e+00 -9.0242e-01 +4.1769e+00
38 +1.792000797e+04 +1.792000797e+04 +1.781266797e+04 +1.781266797e+04 -3.5635e-02 -2.0752e+00 -2.2986e+00 +5.9887e-01 -3.6981e+00 +3.4950e+00 +8.2009e-01 +1.6284e+00 +3.2670e+00 +1.4729e+00
41 +1.222318510e+04 +1.222318510e+04 +1.211584510e+04 +1.211584510e+04 -4.5997e-01 -6.4134e-01 -1.7831e+00 +4.7424e-01 -2.8766e+00 +3.1235e+00 +3.2091e+00 -2.5785e-01 +1.4042e+00 +2.0672e+00
44 +9.812793387e+03 +9.812793387e+03 +9.705453387e+03 +9.705453387e+03 +9.3582e-01 -1.7813e+00 -2.9824e+00 +1.1759e+00 -2.0136e+00 +3.4381e+00 +6.7860e-01 +5.5364e-01 +6.8465e-01 +1.3604e+00
49 +5.897921947e+03 +5.897921947e+03 +5.790581947e+03 +5.790581947e+03 -7.7420e-01 -2.9632e+00 +2.6761e-01 +9.2139e-01 -1.5004e+00 +1.7785e-01 +4.7496e-01 -1.8768e+00 +2.1219e+00 -1.3709e+00
79 +2.800514134e+03 +2.800514134e+03 +2.693174134e+03 +2.693174134e+03 +1.5729e+00 -3.9413e+00 -1.0419e+00 +4.5083e-01 -3.5716e+00 +1.2956e+00 +8.5169e-01 -2.6945e-01 +1.2444e+00 +4.3058e+00
89 +1.604339701e+03 +1.604339701e+03 +1.496999701e+03 +1.496999701e+03 +1.5729e+00 -3.9413e+00 -1.0419e+00 +4.5083e-01 -3.5716e+00 +1.2956e+00 +8.5169e-01 -2.6945e-01 +1.2444e+00 +1.6006e+00
96 +5.299752220e+02 +5.299752220e+02 +4.226352220e+02 +4.226352220e+02 +9.9796e-01 -3.2467e+00 -1.0643e+00 -5.3589e-01 -3.4520e+00 +2.3893e+00 +7.8554e-01 -2.1412e+00 +2.9630e+00 +4.0880e+00
133 +2.352501285e+02 +2.352501285e+02 +1.279101285e+02 +1.279101285e+02 +1.4037e+00 -3.6340e+00 -1.2137e+00 -1.6008e-01 -3.4877e+00 +1.5506e+00 +8.2276e-01 -8.4040e-01 +2.8424e+00 +4.2797e+00
245 +1.537215578e+02 +1.537215578e+02 +4.638155778e+01 +4.638155778e+01 +1.1073e+00 -3.2816e+00 -1.3588e+00 -2.5388e-01 -3.3846e+00 +1.6493e+00 +8.2273e-01 -7.9781e-01 +2.8493e+00 +4.0669e+00
