% function evaluation | noise-free fitness - Fopt (7.627000000000e+01) | best noise-free fitness - Fopt | measured fitness | best measured fitness | x1 | x2...
1 +3.176694158e+05 +3.176694158e+05 +3.177456858e+05 +3.177456858e+05 +2.7773e+00 -4.2706e+00 -1.1338e+00
6 +3.845825337e+04 +3.845825337e+04 +3.853452337e+04 +3.853452337e+04 -1.8164e+00 -2.6701e+00 -2.1930e+00
46 +4.694581554e+03 +4.694581554e+03 +4.770851554e+03 +4.770851554e+03 -1.8816e+00 -2.0553e+00 -2.9114e+00
51 +3.602844563e+03 +3.602844563e+03 +3.679114563e+03 +3.679114563e+03 -3.5477e+00 -2.8507e+00 -1.3693e+00
91 +7.629940491e+01 +7.629940491e+01 +1.525694049e+02 +1.525694049e+02 -2.8168e+00 -2.8507e+00 -1.3693e+00
140 +4.722431304e+01 +4.722431304e+01 +1.234943130e+02 +1.234943130e+02 -2.7959e+00 -2.8478e+00 -1.3814e+00
161 +6.968299410e-01 +6.968299410e-01 +7.696682994e+01 +7.696682994e+01 -1.6295e+00 -2.8486e+00 -1.5906e+00
327 +6.203714407e-01 +6.203714407e-01 +7.689037144e+01 +7.689037144e+01 -1.6360e+00 -2.8488e+00 -1.5900e+00
% function evaluation | noise-free fitness - Fopt (-2.255000000000e+01) | best noise-free fitness - Fopt | measured fitness | best measured fitness | x1 | x2...
1 +3.234543451e+07 +3.234543451e+07 +3.234541196e+07 +3.234541196e+07 -3.4088e+00 -5.6080e-01 -5.3722e-01
2 +3.530620250e+06 +3.530620250e+06 +3.530597700e+06 +3.530597700e+06 +4.0903e+00 +3.4511e+00 +4.5584e-01
4 +6.532697410e+04 +6.532697410e+04 +6.530442410e+04 +6.530442410e+04 +3.8046e+00 -8.4015e-01 +4.5484e+00
24 +4.558554421e+04 +4.558554421e+04 +4.556299421e+04 +4.556299421e+04 +3.0105e+00 -1.7780e+00 +9.8976e-01
33 +1.301731645e+04 +1.301731645e+04 +1.299476645e+04 +1.299476645e+04 +2.7381e+00 -2.0423e+00 -3.6256e+00
51 +8.919039644e+01 +8.919039644e+01 +6.664039644e+01 +6.664039644e+01 +2.2454e+00 -2.5024e-01 -3.7276e+00
169 +5.569125445e+01 +5.569125445e+01 +3.314125445e+01 +3.314125445e+01 +2.2324e+00 +1.2527e+00 -1.6908e+00
209 +2.088022607e+01 +2.088022607e+01 -1.669773935e+00 -1.669773935e+00 +2.2376e+00 +1.2527e+00 -1.6908e+00
% function evaluation | noise-free fitness - Fopt (1.366000000000e+01) | best noise-free fitness - Fopt | measured fitness | best measured fitness | x1 | x2...
1 +8.337664707e+06 +8.337664707e+06 +8.337678367e+06 +8.337678367e+06 +2.6274e+00 -1.6532e+00 +1.7045e+00
2 +3.144818394e+06 +3.144818394e+06 +3.144832054e+06 +3.144832054e+06 -5.0437e-01 +1.0243e+00 +4.9703e+00
3 +1.987410252e+06 +1.987410252e+06 +1.987423912e+06 +1.987423912e+06 +3.8114e+00 +1.3452e+00 -3.4031e+00
4 +4.945805094e+05 +4.945805094e+05 +4.945941694e+05 +4.945941694e+05 -9.7844e-01 +2.7219e+00 +3.1935e+00
11 +1.190846019e+05 +1.190846019e+05 +1.190982619e+05 +1.190982619e+05 +3.7013e+00 -1.5858e+00 -4.6743e+00
27 +9.653384821e+02 +9.653384821e+02 +9.789984821e+02 +9.789984821e+02 -4.3809e+00 -4.7557e+00 -6.6297e-01
114 +7.185658968e+01 +7.185658968e+01 +8.551658968e+01 +8.551658968e+01 -4.2404e+00 -3.4743e+00 +6.1833e-01
250 +6.248695056e+01 +6.248695056e+01 +7.614695056e+01 +7.614695056e+01 -4.2473e+00 -3.4754e+00 +6.1840e-01
% function evaluation | noise-free fitness - Fopt (9.378400000000e+02) | best noise-free fitness - Fopt | measured fitness | best measured fitness | x1 | x2...
1 +4.676572883e+07 +4.676572883e+07 +4.676666667e+07 +4.676666667e+07 -3.8384e+00 +2.4863e+00 -3.1571e+00
2 +1.728572995e+07 +1.728572995e+07 +1.728666779e+07 +1.728666779e+07 -4.6272e+00 -9.7873e-01 +9.0385e-01
3 +1.875076983e+05 +1.875076983e+05 +1.884455383e+05 +1.884455383e+05 +3.9337e-02 +3.6912e+00 +3.1045e+00
18 +1.421120955e+05 +1.421120955e+05 +1.430499355e+05 +1.430499355e+05 +4.6757e+00 -2.5508e+00 -1.9257e+00
36 +3.669339669e+04 +3.669339669e+04 +3.763123669e+04 +3.763123669e+04 +2.7923e+00 +2.0044e+00 +3.5635e-01
45 +6.296468860e+03 +6.296468860e+03 +7.234308860e+03 +7.234308860e+03 +2.9624e+00 +2.5531e+00 +7.3035e-01
49 +3.482447505e+03 +3.482447505e+03 +4.420287505e+03 +4.420287505e+03 +3.1314e+00 +2.0103e+00 +2.1113e-01
85 +7.708685696e+02 +7.708685696e+02 +1.708708570e+03 +1.708708570e+03 +3.1314e+00 +2.0103e+00 +3.3395e-01
90 +2.661727414e+02 +2.661727414e+02 +1.204012741e+03 +1.204012741e+03 +3.1314e+00 +2.0103e+00 +2.7714e-01
145 +2.732228875e+01 +2.732228875e+01 +9.651622887e+02 +9.651622887e+02 +3.1247e+00 +1.9080e+00 +2.7439e-01
% function evaluation | noise-free fitness - Fopt (-7.872000000000e+01) | best noise-free fitness - Fopt | measured fitness | best measured fitness | x1 | x2...
1 +1.847906179e+07 +1.847906179e+07 +1.847898307e+07 +1.847898307e+07 +9.1682e-01 -4.4015e+00 -4.5535e+00
2 +9.188714713e+06 +9.188714713e+06 +9.188635993e+06 +9.188635993e+06 -9.9925e-01 +1.3150e+00 +1.1912e+00
4 +4.540370862e+05 +4.540370862e+05 +4.539583662e+05 +4.539583662e+05 -1.5784e+00 +3.6828e+00 -3.8939e+00
5 +1.040216807e+05 +1.040216807e+05 +1.039429607e+05 +1.039429607e+05 +1.5663e+00 -2.3229e+00 -1.1625e+00
22 +1.542553735e+04 +1.542553735e+04 +1.534681735e+04 +1.534681735e+04 -4.8916e+00 +3.6277e+00 -3.4852e+00
56 +4.626398731e+03 +4.626398731e+03 +4.547678731e+03 +4.547678731e+03 -2.3580e+00 +1.2690e+00 -2.5898e+00
105 +3.682650214e+03 +3.682650214e+03 +3.603930214e+03 +3.603930214e+03 -6.9311e-01 +1.3047e+00 -2.9547e+00
107 +1.138979208e+03 +1.138979208e+03 +1.060259208e+03 +1.060259208e+03 +1.0700e+00 +1.2837e+00 -3.6094e+00
139 +3.676953338e+02 +3.676953338e+02 +2.889753338e+02 +2.889753338e+02 +9.0699e-01 +9.8982e-01 -3.2981e+00
179 +6.929489138e+01 +6.929489138e+01 -9.425108622e+00 -9.425108622e+00 +9.5234e-01 +9.8982e-01 -3.2981e+00
195 +4.937933751e+01 +4.937933751e+01 -2.934066249e+01 -2.934066249e+01 -2.1868e+00 +1.6227e+00 -2.8316e+00
197 +3.085420363e+01 +3.085420363e+01 -4.786579637e+01 -4.786579637e+01 +7.6098e-01 +1.1206e+00 -3.3408e+00
203 +1.561476906e+01 +1.561476906e+01 -6.310523094e+01 -6.310523094e+01 +6.0120e-01 +1.1206e+00 -3.2863e+00
% function evaluation | noise-free fitness - Fopt (-1.000000000000e+03) | best noise-free fitness - Fopt | measured fitness | best measured fitness | x1 | x2...
1 +1.452047027e+06 +1.452047027e+06 +1.451047027e+06 +1.451047027e+06 +4.1602e+00 +4.9278e+00 +3.8015e+00
5 +5.015498763e+05 +5.015498763e+05 +5.005498763e+05 +5.005498763e+05 +1.7681e+00 +3.4719e+00 +1.3359e+00
6 +2.378967830e+05 +2.378967830e+05 +2.368967830e+05 +2.368967830e+05 -6.6828e-01 -5.3953e-01 +1.1189e+00
20 +1.112183590e+04 +1.112183590e+04 +1.012183590e+04 +1.012183590e+04 -2.9762e+00 +2.7869e+00 +3.0590e+00
23 +3.643129894e+03 +3.643129894e+03 +2.643129894e+03 +2.643129894e+03 +2.2885e+00 +1.7193e+00 +1.1272e+00
100 +1.561443182e+01 +1.561443182e+01 -9.843855682e+02 -9.843855682e+02 -2.5523e-01 +1.8275e+00 +1.8409e+00
% function evaluation | noise-free fitness - Fopt (7.910000000000e+00) | best noise-free fitness - Fopt | measured fitness | best measured fitness | x1 | x2...
1 +1.248386698e+07 +1.248386698e+07 +1.248387489e+07 +1.248387489e+07 +2.4693e+00 +1.8221e+00 -3.6986e+00
3 +4.008640324e+05 +4.008640324e+05 +4.008719424e+05 +4.008719424e+05 +2.3951e+00 +4.6300e+00 -1.9102e+00
7 +9.559636524e+04 +9.559636524e+04 +9.560427524e+04 +9.560427524e+04 -1.8173e+00 +3.5186e+00 -1.4109e+00
31 +4.014964296e+04 +4.014964296e+04 +4.015755296e+04 +4.015755296e+04 +1.0684e+00 +4.1772e+00 -4.3250e-01
43 +5.510411860e+02 +5.510411860e+02 +5.589511860e+02 +5.589511860e+02 +1.1489e+00 +4.5813e+00 -1.1320e+00
83 +1.141693937e+02 +1.141693937e+02 +1.220793937e+02 +1.220793937e+02 +1.1188e+00 +4.5813e+00 -1.1320e+00
104 +7.867669002e+01 +7.867669002e+01 +8.658669002e+01 +8.658669002e+01 +1.1489e+00 +4.5813e+00 -1.0568e+00
111 +3.221282703e+01 +3.221282703e+01 +4.012282703e+01 +4.012282703e+01 +1.1489e+00 +4.5813e+00 -1.0267e+00
% function evaluation | noise-free fitness - Fopt (-3.233000000000e+01) | best noise-free fitness - Fopt | measured fitness | best measured fitness | x1 | x2...
1 +7.063188662e+04 +7.063188662e+04 +7.059955662e+04 +7.059955662e+04 +1.6567e+00 -4.6259e+00 -1.5155e+00
2 +4.930478310e+04 +4.930478310e+04 +4.927245310e+04 +4.927245310e+04 +4.7294e+00 +1.5821e+00 +4.8912e+00
55 +3.964511485e+04 +3.964511485e+04 +3.961278485e+04 +3.961278485e+04 +4.6560e+00 +1.3635e+00 +4.6801e+00
59 +3.329415874e+02 +3.329415874e+02 +3.006115874e+02 +3.006115874e+02 +3.6618e+00 +3.3193e+00 -3.0179e-01
63 +6.142168785e+01 +6.142168785e+01 +2.909168785e+01 +2.909168785e+01 +2.3639e+00 +1.3094e+00 -3.4658e+00
145 +3.834221481e+01 +3.834221481e+01 +6.012214814e+00 +6.012214814e+00 +2.3861e+00 +8.4914e-01 -3.1495e+00
% function evaluation | noise-free fitness - Fopt (-1.324000000000e+01) | best noise-free fitness - Fopt | measured fitness | best measured fitness | x1 | x2...
1 +4.544887406e+07 +4.544887406e+07 +4.544886082e+07 +4.544886082e+07 -4.4718e+00 -1.4452e+00 -2.3583e+00
2 +2.820991647e+07 +2.820991647e+07 +2.820990323e+07 +2.820990323e+07 -2.4750e+00 +6.3261e-01 -1.6094e+00
3 +1.846750515e+07 +1.846750515e+07 +1.846749191e+07 +1.846749191e+07 -8.3025e-01 -4.6369e+00 +2.0428e+00
6 +1.143477059e+06 +1.143477059e+06 +1.143463819e+06 +1.143463819e+06 +4.4665e+00 +3.0231e+00 -1.6165e+00
9 +3.221165758e+04 +3.221165758e+04 +3.219841758e+04 +3.219841758e+04 +2.9254e+00 +1.8488e+00 -4.1365e+00
26 +2.512604933e+02 +2.512604933e+02 +2.380204933e+02 +2.380204933e+02 +2.5005e+00 -3.2485e+00 -3.2713e+00
142 +4.297840014e+01 +4.297840014e+01 +2.973840014e+01 +2.973840014e+01 +2.5784e+00 -2.4508e+00 -3.2680e+00
249 +3.498870009e+01 +3.498870009e+01 +2.174870009e+01 +2.174870009e+01 +2.5806e+00 -2.4678e+00 -3.2677e+00
% function evaluation | noise-free fitness - Fopt (-4.812000000000e+01) | best noise-free fitness - Fopt | measured fitness | best measured fitness | x1 | x2...
1 +2.772952747e+07 +2.772952747e+07 +2.772947935e+07 +2.772947935e+07 +5.0721e-01 +3.3681e+00 -4.6501e+00
2 +7.865795524e+06 +7.865795524e+06 +7.865747404e+06 +7.865747404e+06 +2.6160e+00 -6.5876e-01 +4.0204e+00
3 +1.663643707e+06 +1.663643707e+06 +1.663595587e+06 +1.663595587e+06 +2.9689e-01 -1.6720e+00 -5.5486e-01
11 +1.217738581e+05 +1.217738581e+05 +1.217257381e+05 +1.217257381e+05 -3.1546e+00 +1.5422e+00 +4.4470e+00
30 +9.936161706e+04 +9.936161706e+04 +9.931349706e+04 +9.931349706e+04 +7.3474e-01 -4.1520e+00 -1.6516e-02
51 +8.095571248e+03 +8.095571248e+03 +8.047451248e+03 +8.047451248e+03 -1.3636e+00 -1.5618e+00 +9.2769e-01
84 +1.033585319e+02 +1.033585319e+02 +5.523853185e+01 +5.523853185e+01 -1.3636e+00 -1.5618e+00 +3.7719e-01
156 +2.291998233e+01 +2.291998233e+01 -2.520001767e+01 -2.520001767e+01 -1.2842e+00 -1.6314e+00 +3.8301e-01
184 +3.602131377e+00 +3.602131377e+00 -4.451786862e+01 -4.451786862e+01 -1.2842e+00 -1.6314e+00 +3.6404e-01
248 +1.602765795e+00 +1.602765795e+00 -4.651723421e+01 -4.651723421e+01 -1.2577e+00 -1.6552e+00 +3.6413e-01
281 +1.527421481e+00 +1.527421481e+00 -4.659257852e+01 -4.659257852e+01 -1.2738e+00 -1.6410e+00 +3.5719e-01
% function evaluation | noise-free fitness - Fopt (-3.335000000000e+01) | best noise-free fitness - Fopt | measured fitness | best measured fitness | x1 | x2...
1 +4.035359450e+06 +4.035359450e+06 +4.035326100e+06 +4.035326100e+06 +1.2754e+00 +1.5722e+00 +1.2914e+00
3 +1.603703846e+04 +1.603703846e+04 +1.600368846e+04 +1.600368846e+04 +1.0283e-01 -1.6410e+00 +2.3936e+00
27 +3.753189875e+03 +3.753189875e+03 +3.719839875e+03 +3.719839875e+03 +2.1570e+00 -3.3013e+00 +3.0280e-03
118 +2.153159762e+03 +2.153159762e+03 +2.119809762e+03 +2.119809762e+03 +2.3994e+00 -3.2754e+00 -1.7838e-01
126 +5.894713732e+02 +5.894713732e+02 +5.561213732e+02 +5.561213732e+02 +2.0616e+00 -3.3979e+00 -1.3025e-01
133 +6.371772856e+01 +6.371772856e+01 +3.036772856e+01 +3.036772856e+01 +2.3759e+00 -3.1333e+00 -1.0568e-01
187 +4.583027986e+01 +4.583027986e+01 +1.248027986e+01 +1.248027986e+01 +2.2762e+00 -3.2029e+00 -1.1049e-01
213 +9.198733569e-01 +9.198733569e-01 -3.243012664e+01 -3.243012664e+01 +2.2865e+00 -3.2033e+00 -1.0814e-01
% function evaluation | noise-free fitness - Fopt (-1.712100000000e+02) | best noise-free fitness - Fopt | measured fitness | best measured fitness | x1 | x2...
1 +2.838643072e+05 +2.838643072e+05 +2.836930972e+05 +2.836930972e+05 -3.3313e+00 -3.9308e-02 +1.4507e+00
4 +1.491025126e+04 +1.491025126e+04 +1.473904126e+04 +1.473904126e+04 +1.5725e+00 -1.9404e+00 -1.2928e-01
18 +7.307522472e+03 +7.307522472e+03 +7.136312472e+03 +7.136312472e+03 +4.9740e+00 -3.7723e+00 +4.3184e+00
20 +2.497151782e+01 +2.497151782e+01 -1.462384822e+02 -1.462384822e+02 -4.6305e+00 +5.7271e-01 -2.8411e+00
163 +7.797913994e+00 +7.797913994e+00 -1.634120860e+02 -1.634120860e+02 -4.6245e+00 +5.7277e-01 -2.8314e+00
% function evaluation | noise-free fitness - Fopt (-5.710000000000e+01) | best noise-free fitness - Fopt | measured fitness | best measured fitness | x1 | x2...
1 +2.786448143e+06 +2.786448143e+06 +2.786391043e+06 +2.786391043e+06 +4.3532e+00 -5.5217e-01 -2.2772e+00
4 +1.234483935e+06 +1.234483935e+06 +1.234426835e+06 +1.234426835e+06 -3.5906e-01 -3.5967e+00 +2.3006e+00
5 +1.294729924e+05 +1.294729924e+05 +1.294158924e+05 +1.294158924e+05 +3.7689e+00 +1.1568e+00 -4.6337e+00
10 +4.741807701e+03 +4.741807701e+03 +4.684707701e+03 +4.684707701e+03 -1.4146e+00 -3.2620e+00 +2.3270e+00
23 +3.645377617e+03 +3.645377617e+03 +3.588277617e+03 +3.588277617e+03 +1.8694e-02 +2.3620e+00 +4.8018e+00
51 +1.169782298e+03 +1.169782298e+03 +1.112682298e+03 +1.112682298e+03 +1.7411e-01 +3.7499e-01 +2.4020e+00
100 +1.894169432e+01 +1.894169432e+01 -3.815830568e+01 -3.815830568e+01 +8.6236e-02 +5.6711e-02 +2.3421e+00
140 +3.180337686e+00 +3.180337686e+00 -5.391966231e+01 -5.391966231e+01 +8.6236e-02 +5.6711e-02 +2.3497e+00
% function evaluation | noise-free fitness - Fopt (2.965400000000e+02) | best noise-free fitness - Fopt | measured fitness | best measured fitness | x1 | x2...
1 +2.370648449e+07 +2.370648449e+07 +2.370678103e+07 +2.370678103e+07 +2.6090e-01 +5.6105e-01 +1.9014e+00
6 +3.563711098e+06 +3.563711098e+06 +3.564007638e+06 +3.564007638e+06 -3.0429e+00 +2.0357e+00 -1.2435e+00
15 +2.592480181e+05 +2.592480181e+05 +2.595445581e+05 +2.595445581e+05 -2.9049e+00 -2.0892e-01 -4.1296e+00
23 +9.262008879e+04 +9.262008879e+04 +9.291662879e+04 +9.291662879e+04 -4.7119e+00 +2.4252e+00 -1.8606e+00
26 +2.863480672e+04 +2.863480672e+04 +2.893134672e+04 +2.893134672e+04 -3.3937e+00 -4.2937e+00 +1.5311e+00
55 +5.292475924e+02 +5.292475924e+02 +8.257875924e+02 +8.257875924e+02 -3.3681e+00 -1.5954e+00 -2.1777e+00
171 +1.819625255e+02 +1.819625255e+02 +4.785025255e+02 +4.785025255e+02 -3.3672e+00 -1.6265e+00 -2.1775e+00
202 +5.997645009e+01 +5.997645009e+01 +3.565164501e+02 +3.565164501e+02 -3.3429e+00 -1.7138e+00 -2.1690e+00
242 +3.447770281e+01 +3.447770281e+01 +3.310177028e+02 +3.310177028e+02 -3.3461e+00 -1.7138e+00 -2.1690e+00
% function evaluation | noise-free fitness - Fopt (-1.118800000000e+02) | best noise-free fitness - Fopt | measured fitness | best measured fitness | x1 | x2...
1 +1.299181223e+07 +1.299181223e+07 +1.299170035e+07 +1.299170035e+07 +2.9072e+00 -4.3674e+00 -2.8583e+00
2 +6.257617625e+05 +6.257617625e+05 +6.256498825e+05 +6.256498825e+05 +3.0140e+00 +2.5927e+00 -3.8531e+00
11 +3.177501625e+05 +3.177501625e+05 +3.176382825e+05 +3.176382825e+05 -2.2531e+00 -2.0938e-01 +1.3647e+00
18 +2.148922322e+05 +2.148922322e+05 +2.147803522e+05 +2.147803522e+05 -3.3286e+00 +4.8755e+00 +4.4787e-02
29 +3.876339426e+04 +3.876339426e+04 +3.865151426e+04 +3.865151426e+04 +5.2789e-01 -1.0238e+00 +1.3623e+00
50 +2.891783372e+03 +2.891783372e+03 +2.779903372e+03 +2.779903372e+03 -1.7621e+00 +1.1079e+00 +9.3756e-01
95 +6.972953179e+02 +6.972953179e+02 +5.854153179e+02 +5.854153179e+02 -1.4360e+00 +1.0163e+00 +9.1439e-01
158 +3.976137779e+02 +3.976137779e+02 +2.857337779e+02 +2.857337779e+02 -1.6795e+00 +1.0395e+00 +9.8047e-01
179 +2.115334796e+01 +2.115334796e+01 -9.072665204e+01 -9.072665204e+01 -1.5389e+00 +1.0332e+00 +9.3478e-01
215 +1.359368642e+01 +1.359368642e+01 -9.828631358e+01 -9.828631358e+01 -1.5312e+00 +1.0038e+00 +9.4170e-01
269 +8.350398081e+00 +8.350398081e+00 -1.035296019e+02 -1.035296019e+02 -1.5345e+00 +1.0181e+00 +9.3836e-01
