% function evaluation | noise-free fitness - Fopt (7.627000000000e+01) | best noise-free fitness - Fopt | measured fitness | best measured fitness | x1 | x2...
1 +6.113698286e+06 +6.113698286e+06 +6.113774556e+06 +6.113774556e+06 -2.2855e+00 -5.8316e-02 +4.1490e+00 +1.3107e+00 -3.4989e+00 +1.5025e+00 +2.3151e+00 +4.0106e+00 -1.9973e+00 -4.6063e+00 +4.0302e+00 +9.3994e-01 -2.3171e+00 +1.6561e+00 +3.6023e+00 +2.6572e+00 -2.0765e+00 -4.3732e+00 +6.5416e-01 +3.6625e+00
4 +1.282923097e+05 +1.282923097e+05 +1.283685797e+05 +1.283685797e+05 -8.0329e-01 +1.4713e+00 +2.2077e-01 +4.7341e+00 +2.9755e+00 -1.1826e+00 +1.9237e+00 -2.4091e+00 -4.7858e+00 -4.0680e+00 +1.8928e+00 +4.1261e+00 +3.9202e+00 +4.5176e-01 +3.4015e+00 +7.1762e-01 +2.6303e+00 -3.9656e+00 -3.9543e+00 +3.1467e+00
5 +2.698079898e+04 +2.698079898e+04 +2.705706898e+04 +2.705706898e+04 +2.3515e+00 -3.9283e+00 -7.6573e-01 -4.8507e+00 -1.4034e+00 +4.9905e+00 +2.5914e+00 +3.3890e+00 +1.5502e+00 -3.9496e-01 -2.8179e+00 +4.6505e-01 -7.1996e-01 -4.4795e+00 +3.0860e+00 -4.9731e+00 -4.3123e+00 -2.5411e+00 +5.5002e-01 -1.9214e+00
21 +1.800586008e+04 +1.800586008e+04 +1.808213008e+04 +1.808213008e+04 +1.8024e-01 -2.6490e+00 -1.0473e+00 +4.2125e+00 +3.7503e+00 +3.4812e+00 -1.9605e+00 +9.6412e-01 -3.5657e+00 +4.3291e+00 -3.6935e+00 +1.3224e+00 -1.6567e+00 +1.0553e+00 -4.9209e+00 +4.8063e+00 +2.0950e+00 +2.0792e+00 -1.0314e+00 +3.8074e+00
44 +4.113947537e+03 +4.113947537e+03 +4.190217537e+03 +4.190217537e+03 -2.3012e-01 -2.2173e-01 -5.1177e-01 +4.4202e+00 +3.2207e+00 -5.8417e-01 -1.0087e+00 -2.3725e+00 -4.2490e+00 +2.5537e+00 -2.8344e+00 +2.6185e+00 +2.3833e+00 +6.8812e-01 -4.2255e+00 +2.6074e+00 +2.4354e+00 +7.2229e-01 -3.7494e+00 +3.3675e+00
68 +8.071374572e+02 +8.071374572e+02 +8.834074572e+02 +8.834074572e+02 +3.2729e-01 -1.7280e+00 -9.1291e-01 +4.1114e+00 -1.9006e+00 +3.0614e+00 -3.9584e+00 +2.1916e-01 -4.0122e+00 +4.7959e+00 +5.2817e-01 +1.5638e+00 -3.0459e+00 +6.9979e-01 -4.0432e+00 -1.2867e+00 +2.9574e+00 +2.5995e-01 -9.1982e-01 +1.6001e+00
84 +3.817060559e+02 +3.817060559e+02 +4.579760559e+02 +4.579760559e+02 +3.2729e-01 -1.7280e+00 -9.1291e-01 +4.1114e+00 -1.9006e+00 +3.0614e+00 -3.9584e+00 +6.5719e-01 -4.0122e+00 +4.7959e+00 +5.2817e-01 +1.5638e+00 -3.0459e+00 +6.9979e-01 -4.0432e+00 -1.2867e+00 +2.9574e+00 +2.5995e-01 -9.1982e-01 +1.6001e+00
131 +2.234099222e+02 +2.234099222e+02 +2.996799222e+02 +2.996799222e+02 +2.6498e-01 -1.9060e+00 -8.5244e-01 +3.2017e+00 +1.7155e-01 +1.7881e+00 -2.9881e+00 +7.3627e-01 -2.7216e+00 +3.9417e+00 -4.2127e-01 +1.6115e+00 -3.0449e+00 +9.6747e-01 -2.9167e+00 -3.3368e-01 +2.5591e+00 +8.5170e-01 -1.6344e+00 +2.4856e+00
257 +1.191988786e+02 +1.191988786e+02 +1.954688786e+02 +1.954688786e+02 +3.3299e-01 -1.8164e+00 -9.0085e-01 +3.6643e+00 +1.6007e+00 +2.1569e+00 -2.7651e+00 +7.3307e-01 -2.6959e+00 +3.9444e+00 +2.9559e-01 +1.4287e+00 -2.4391e+00 +5.4844e-01 -3.3602e+00 -8.7352e-01 +2.0034e+00 +4.3352e-01 -1.3404e+00 +1.2395e+00
% function evaluation | noise-free fitness - Fopt (-2.255000000000e+01) | best noise-free fitness - Fopt | measured fitness | best measured fitness | x1 | x2...
1 +8.726029319e+03 +8.726029319e+03 +8.703479319e+03 +8.703479319e+03 +2.9169e+00 +2.1955e+00 +3.6664e+00 +1.7478e+00 -1.9208e+00 +3.1609e+00 +6.1213e-01 +4.2950e+00 +4.9230e+00 -4.5941e+00 +3.7985e-01 +3.8316e+00 +1.1285e-01 +1.6984e+00 -5.7574e-01 -9.0014e-01 -1.2400e+00 +3.3459e+00 +2.4689e+00 -1.2020e-01
51 +1.100345962e+03 +1.100345962e+03 +1.077795962e+03 +1.077795962e+03 +3.0006e+00 -6.8562e-01 -2.3240e+00 +1.9038e+00 +2.1254e+00 +3.8134e+00 -6.4316e-01 +4.1551e+00 +4.2569e+00 -8.9680e-02 -1.5396e+00 +3.5321e+00 +1.1276e+00 -2.4430e+00 +3.8124e-01 -3.9395e+00 +2.7291e+00 +3.1425e+00 +1.0743e+00 -7.6093e-01
54 +4.610512954e+02 +4.610512954e+02 +4.385012954e+02 +4.385012954e+02 +2.2477e+00 +2.6570e+00 +1.1631e+00 +1.6460e+00 -1.2811e+00 +3.0775e+00 +3.9195e+00 +4.2883e+00 +5.6317e-02 -1.5784e+00 +5.1651e-01 +1.7382e+00 +1.9985e+00 +2.1655e+00 -8.8901e-01 -9.2191e-01 +1.4028e+00 +2.1990e+00 +1.6233e-01 +1.1434e+00
152 +2.822878487e+02 +2.822878487e+02 +2.597378487e+02 +2.597378487e+02 +2.2165e+00 +2.3688e+00 +1.3921e+00 +1.5115e+00 -9.1213e-01 +3.0114e+00 +2.6655e+00 +4.2693e+00 +1.5716e-01 -1.3195e+00 +5.0534e-01 +1.7985e+00 +8.6803e-01 +2.1030e+00 -1.5764e+00 -1.0023e-01 +1.2736e+00 +2.2089e+00 +3.9061e-01 +1.2116e+00
161 +2.211688510e+02 +2.211688510e+02 +1.986188510e+02 +1.986188510e+02 +2.2362e+00 +2.5689e+00 +1.2376e+00 +1.5522e+00 -9.7840e-01 +3.0214e+00 +3.1768e+00 +4.2766e+00 +1.0689e-01 -1.5128e+00 +5.0601e-01 +1.7849e+00 +1.0619e+00 +2.1471e+00 -9.1250e-01 -6.6131e-01 +1.3501e+00 +2.2070e+00 +1.9158e-01 +1.0512e+00
% function evaluation | noise-free fitness - Fopt (1.366000000000e+01) | best noise-free fitness - Fopt | measured fitness | best measured fitness | x1 | x2...
1 +1.739190774e+06 +1.739190774e+06 +1.739204434e+06 +1.739204434e+06 +1.3031e+00 -2.7935e+00 -8.4631e-01 -2.8104e+00 +3.4507e+00 +2.2634e+00 +4.9326e+00 +3.9063e+00 +1.0887e+00 +3.5544e-01 +2.4610e+00 +1.6579e+00 +3.9613e+00 -1.0275e+00 +4.0872e+00 +1.3387e+00 +1.0120e+00 +3.1502e+00 -2.1148e+00 -4.9199e+00
8 +1.265910073e+05 +1.265910073e+05 +1.266046673e+05 +1.266046673e+05 -4.0273e+00 +2.7740e-01 +3.8849e+00 +2.8197e+00 -2.4783e+00 +8.7282e-02 -1.7134e+00 -4.0278e+00 +5.4510e-01 +2.6349e+00 -7.3388e-01 -6.6030e-01 +9.6234e-02 +4.1531e+00 +2.1848e+00 +4.9374e+00 -1.6433e+00 -3.8682e-01 +2.1828e+00 -3.2793e+00
9 +3.508598756e+04 +3.508598756e+04 +3.509964756e+04 +3.509964756e+04 -3.4266e+00 +2.7815e+00 +2.8133e+00 +1.4320e-01 -1.1730e+00 -1.7545e+00 +2.2722e+00 -5.4282e-01 +3.7811e+00 -3.5262e+00 -9.0104e-01 +2.8663e+00 -2.4375e+00 -1.1675e+00 +4.3553e-01 -1.9061e+00 -2.6154e+00 +1.3396e+00 -3.2766e+00 +1.7871e+00
11 +1.069866796e+04 +1.069866796e+04 +1.071232796e+04 +1.071232796e+04 -2.4649e+00 -4.8123e+00 -3.8349e+00 -8.1836e-01 +2.3021e+00 -2.8502e-01 +1.3459e+00 +2.2613e+00 +4.6204e+00 -4.1610e+00 -5.0131e-02 -2.7515e+00 -2.2228e+00 +2.4979e+00 -4.8101e-01 -3.3435e+00 +2.1241e+00 +4.1192e+00 -5.4757e-01 +3.4600e+00
48 +3.885934021e+03 +3.885934021e+03 +3.899594021e+03 +3.899594021e+03 -2.5361e+00 -4.0738e-01 -1.0083e+00 +1.7333e+00 -2.1985e+00 -2.7090e-01 +8.0708e-01 +1.7424e+00 +3.3349e+00 +1.6883e+00 -4.9592e-01 -1.1730e+00 -6.0992e-01 +3.0360e+00 -3.1534e-01 -2.8093e+00 -1.4280e+00 +3.8957e+00 +8.3057e-01 -4.6802e-01
53 +5.042852806e+02 +5.042852806e+02 +5.179452806e+02 +5.179452806e+02 +1.4464e+00 -2.3120e-01 -1.4862e+00 +1.5935e+00 +1.6139e+00 +2.5124e+00 +3.9170e+00 +2.2786e+00 +4.2624e+00 -1.6884e+00 -2.1078e+00 +1.5355e+00 -9.4644e-01 +2.4585e+00 +3.5216e+00 -2.2436e+00 +1.2192e-01 +3.6168e+00 -5.4519e-01 +3.4925e+00
203 +3.314411899e+02 +3.314411899e+02 +3.451011899e+02 +3.451011899e+02 +1.4698e+00 -3.1755e-01 -1.4763e+00 +1.5610e+00 +1.6222e+00 +2.4165e+00 +3.9069e+00 +2.2637e+00 +4.2623e+00 -1.6746e+00 -2.1177e+00 +1.5050e+00 -9.4836e-01 +2.4575e+00 +3.4442e+00 -2.2293e+00 +1.2407e-01 +3.6191e+00 -5.4463e-01 +3.4444e+00
226 +2.158785796e+02 +2.158785796e+02 +2.295385796e+02 +2.295385796e+02 +1.4316e+00 -1.2949e-01 -1.4843e+00 +1.5769e+00 +1.4570e+00 +2.4817e+00 +3.1844e+00 +2.2493e+00 +4.2587e+00 -1.6943e+00 -2.0034e+00 +1.4403e+00 -9.4472e-01 +2.2584e+00 +3.5213e+00 -2.0748e+00 +6.7486e-02 +3.6220e+00 -6.8007e-01 +3.4936e+00
% function evaluation | noise-free fitness - Fopt (9.378400000000e+02) | best noise-free fitness - Fopt | measured fitness | best measured fitness | x1 | x2...
1 +1.691797217e+05 +1.691797217e+05 +1.701175617e+05 +1.701175617e+05 -8.8530e-01 +1.9887e+00 +1.3646e+00 -2.0777e+00 +1.0042e+00 +5.7960e-01 -1.9075e+00 -1.1684e+00 -3.3637e+00 +4.1983e+00 -5.9324e-01 +9.1352e-01 +3.2178e+00 +4.0353e+00 -2.6322e+00 -7.9768e-01 -3.5718e+00 -3.2831e+00 -3.3895e+00 -1.2783e+00
4 +8.828355844e+04 +8.828355844e+04 +8.922139844e+04 +8.922139844e+04 +1.3738e+00 -7.0630e-01 +1.0540e+00 +3.6449e+00 +8.5649e-01 +2.6784e+00 -3.3822e+00 +4.6260e+00 +3.4762e+00 -1.3427e-01 -4.1650e+00 +2.9226e+00 -4.1294e+00 -4.1664e-01 +1.4630e+00 +2.0162e+00 +4.0605e+00 -1.6007e+00 +2.5639e-01 -1.7660e+00
26 +2.317802406e+04 +2.317802406e+04 +2.411586406e+04 +2.411586406e+04 -1.6564e+00 +3.0202e+00 +4.6488e+00 +3.2675e+00 -2.6416e+00 +3.2680e-01 +2.8657e+00 -9.0533e-01 +7.3538e-01 -2.0270e+00 +2.0235e+00 +9.4452e-02 +4.2251e+00 -1.0217e+00 -3.3454e+00 +4.6201e+00 +3.1189e-01 +2.3222e+00 +4.1702e+00 +7.7090e-01
81 +1.092390358e+03 +1.092390358e+03 +2.030230358e+03 +2.030230358e+03 -1.5273e+00 +2.9729e+00 +3.0766e+00 +2.4011e+00 -2.6090e+00 +4.0078e-01 +2.4521e+00 -9.8414e-01 -2.7772e-01 -1.1527e+00 +1.4210e+00 +4.6404e-01 +3.9848e+00 -8.8390e-01 -2.9210e+00 +4.2683e+00 -7.6848e-01 +2.1954e+00 +3.4112e+00 +6.5790e-01
121 +6.702067056e+02 +6.702067056e+02 +1.608046706e+03 +1.608046706e+03 -1.5273e+00 +2.9729e+00 +3.0766e+00 +2.4832e+00 -2.6090e+00 +4.0078e-01 +2.4521e+00 -9.8414e-01 -2.7772e-01 -1.1527e+00 +1.4210e+00 +4.6404e-01 +3.9848e+00 -8.8390e-01 -2.9210e+00 +4.2683e+00 -7.6848e-01 +2.1954e+00 +3.4112e+00 +6.5790e-01
152 +5.804484623e+02 +5.804484623e+02 +1.518288462e+03 +1.518288462e+03 -1.5273e+00 +2.9729e+00 +3.0766e+00 +2.4011e+00 -2.6090e+00 +4.0078e-01 +2.4521e+00 -9.8414e-01 -2.7772e-01 -1.1527e+00 +1.4210e+00 +3.8331e-01 +3.9848e+00 -8.8390e-01 -2.9210e+00 +4.2683e+00 -7.6848e-01 +2.1954e+00 +3.4112e+00 +6.5790e-01
156 +2.540141809e+02 +2.540141809e+02 +1.191854181e+03 +1.191854181e+03 -1.5825e+00 +3.2029e+00 +1.9218e+00 +2.6357e+00 -2.0880e+00 -3.0435e+00 +2.1506e+00 -9.2343e-01 +1.1465e-02 -8.3096e-01 +1.4426e+00 +8.8147e-01 +3.5661e+00 -2.1334e+00 -2.8404e+00 +4.3364e+00 +1.0427e-01 +2.6163e+00 +3.4681e+00 +6.5879e-01
230 +2.437552888e+02 +2.437552888e+02 +1.181595289e+03 +1.181595289e+03 -1.5805e+00 +3.0949e+00 +2.1634e+00 +2.7421e+00 -2.0937e+00 -1.9395e+00 +2.2700e+00 -8.8815e-01 -9.3847e-02 -9.7380e-01 +1.4449e+00 +8.5407e-01 +1.9522e+00 -2.0415e+00 -2.7513e+00 +3.9377e+00 +4.5876e-02 +2.3669e+00 +3.1760e+00 +6.7591e-01
% function evaluation | noise-free fitness - Fopt (-7.872000000000e+01) | best noise-free fitness - Fopt | measured fitness | best measured fitness | x1 | x2...
1 +4.911159545e+05 +4.911159545e+05 +4.910372345e+05 +4.910372345e+05 +4.8155e+00 +3.0215e+00 -3.4045e+00 +1.8424e+00 -1.9539e+00 +4.8310e+00 +2.0990e+00 +9.2029e-02 +4.5983e+00 -2.4006e+00 +4.7511e-01 -4.5542e+00 -3.6782e-01 +8.3655e-01 +4.4545e+00 -2.7910e+00 -4.5173e+00 +2.7095e+00 +1.7321e+00 -5.2196e-01
7 +1.786948375e+05 +1.786948375e+05 +1.786161175e+05 +1.786161175e+05 +4.7658e+00 +4.8467e+00 -2.2984e+00 -3.3201e+00 +2.8268e+00 -1.9463e+00 -4.2770e+00 +1.5134e+00 -2.6669e-01 +2.4783e+00 -2.5125e+00 +3.8916e+00 -5.9544e-02 +4.3278e+00 -2.5045e+00 -4.7224e+00 -4.1356e+00 -2.5234e+00 -3.2356e+00 -4.1815e+00
23 +9.593944681e+04 +9.593944681e+04 +9.586072681e+04 +9.586072681e+04 +3.6325e+00 +1.8727e+00 -4.4555e+00 +3.0550e+00 +2.6086e+00 +9.6422e-02 +3.3327e+00 -3.3765e+00 +1.0154e+00 -4.2670e+00 +1.5070e+00 +2.5633e+00 +1.9172e+00 -2.0901e+00 +2.9395e+00 -1.6965e+00 +1.3967e+00 -1.3755e-01 -9.0722e-02 +3.3968e+00
41 +4.028424218e+04 +4.028424218e+04 +4.020552218e+04 +4.020552218e+04 +4.6326e+00 +2.3966e+00 -3.6668e+00 +2.7206e+00 +2.3850e+00 +5.7816e-01 +2.7512e+00 -2.6812e+00 +3.1804e+00 -2.8151e+00 +1.4225e+00 -2.3356e+00 +1.1167e+00 +1.2323e-01 +4.1119e+00 -2.7212e+00 -8.4025e-01 +1.5563e+00 +1.4765e+00 -4.1395e-02
50 +2.183572040e+04 +2.183572040e+04 +2.175700040e+04 +2.175700040e+04 +3.0665e+00 +5.0045e-02 -3.3042e+00 +3.7489e+00 +2.0955e+00 -1.9870e+00 -1.9287e-01 -1.9217e+00 +2.8708e+00 -2.9869e+00 +1.1955e+00 +2.8148e+00 -1.1331e-01 -1.8308e+00 +2.6578e+00 -1.6740e+00 -3.5561e+00 -5.5215e-01 -8.8528e-02 +2.8989e+00
66 +4.517389611e+03 +4.517389611e+03 +4.438669611e+03 +4.438669611e+03 +1.0206e+00 +3.7897e+00 -3.7685e+00 +1.6737e+00 +3.4975e-01 -2.0245e+00 +4.5030e-01 -4.5242e+00 +1.0085e-01 -4.0139e+00 +4.8225e-01 +2.8430e+00 -3.0838e+00 -2.0577e+00 +2.5324e+00 -2.7781e+00 +5.6878e-01 +1.9483e-01 -3.0537e+00 +3.3707e+00
90 +3.912076622e+03 +3.912076622e+03 +3.833356622e+03 +3.833356622e+03 +1.0206e+00 +3.7897e+00 -3.7685e+00 +1.6737e+00 +1.8339e+00 -2.0245e+00 +4.5030e-01 -4.5242e+00 +1.0085e-01 -4.0139e+00 +4.8225e-01 +2.8430e+00 -3.0838e+00 -2.0577e+00 +2.5324e+00 -2.7781e+00 +5.6878e-01 +1.9483e-01 -3.0537e+00 +3.3707e+00
171 +1.963249390e+02 +1.963249390e+02 +1.176049390e+02 +1.176049390e+02 +1.0210e+00 +3.3924e+00 -3.7696e+00 +1.6901e+00 +9.6794e-01 -1.5967e+00 +4.9772e-01 -3.9831e+00 +1.7570e-01 -3.9467e+00 +6.7884e-01 +2.4212e+00 -1.4230e+00 -1.8556e+00 +2.9451e+00 -2.2421e+00 +7.8336e-01 +1.7322e-01 -1.5391e+00 +2.8918e+00
% function evaluation | noise-free fitness - Fopt (-1.000000000000e+03) | best noise-free fitness - Fopt | measured fitness | best measured fitness | x1 | x2...
1 +5.915152314e+07 +5.915152314e+07 +5.915052314e+07 +5.915052314e+07 -4.3179e+00 +3.3691e+00 -2.9379e+00 +1.1258e-01 -1.5759e+00 +1.0364e+00 -1.7803e-02 +2.0249e+00 +1.9067e+00 +3.7361e+00 -2.7216e+00 -4.2564e+00 -3.2077e+00 -1.4114e+00 -3.1422e-01 -3.8213e+00 +3.7519e+00 +2.2122e+00 -4.8956e+00 -3.2176e+00
2 +1.941357531e+06 +1.941357531e+06 +1.940357531e+06 +1.940357531e+06 -9.5053e-01 -1.9939e+00 +6.0155e-01 -4.5778e+00 +3.3126e+00 -1.0681e+00 -3.4100e+00 -3.4682e+00 +3.4663e+00 -1.7954e+00 +1.7759e+00 -2.2327e+00 -1.9575e+00 -2.5928e+00 -2.1586e+00 +1.8529e+00 -2.6160e+00 +8.7737e-01 +4.4584e-01 -4.5110e+00
6 +2.463212258e+04 +2.463212258e+04 +2.363212258e+04 +2.363212258e+04 +2.5271e+00 -4.6960e+00 +6.4595e-01 -2.3883e+00 -2.4303e+00 +4.4754e+00 -4.5242e+00 -2.6626e+00 -3.6131e+00 +1.6328e+00 -2.4694e+00 +3.6501e+00 +2.6976e+00 +3.3102e+00 +3.9005e+00 +3.6228e+00 -1.0668e+00 +4.4720e-01 -1.0204e+00 +3.7360e+00
26 +2.884179386e+03 +2.884179386e+03 +1.884179386e+03 +1.884179386e+03 -7.9278e-01 -1.2057e+00 +1.9057e+00 +1.0026e-01 -1.6628e+00 +8.4766e-01 -4.1509e+00 -4.6608e+00 -6.3370e-01 +9.5552e-01 +9.6593e-01 +4.5249e+00 +6.7591e-01 +2.5862e+00 +2.6718e-01 -3.0531e-01 +1.7211e+00 +2.2864e+00 -1.5266e+00 +6.0851e-01
96 +1.488895594e+03 +1.488895594e+03 +4.888955939e+02 +4.888955939e+02 -9.7018e-01 -2.0953e+00 +1.6898e+00 +1.0001e-01 +1.1907e+00 +8.5335e-01 +8.9890e-01 -3.8337e+00 -5.7705e-01 +1.1265e+00 +9.8738e-01 +4.4413e+00 +1.5799e+00 +3.0193e+00 -6.1608e-02 +1.0248e-01 +2.4131e+00 -5.1708e-01 -1.2014e+00 +1.5732e-01
122 +4.518924381e+02 +4.518924381e+02 -5.481075619e+02 -5.481075619e+02 -8.3888e-01 -1.6908e+00 +1.7262e+00 -7.6737e-02 +6.5881e-01 +7.5389e-01 -2.0856e+00 -4.2086e+00 -4.9732e-01 +9.2783e-01 +1.2222e+00 +4.3583e+00 -5.1336e-02 +2.7687e+00 -5.8463e-01 +3.3165e-01 +1.4630e+00 +1.3954e+00 -1.4198e+00 -2.2053e+00
125 +2.557043847e+02 +2.557043847e+02 -7.442956153e+02 -7.442956153e+02 -7.3779e-01 -1.5655e+00 +1.6598e+00 +5.4166e-01 +2.0789e-01 +7.9385e-01 -3.6101e-01 -3.8871e+00 +2.0551e-01 +9.4978e-01 +8.9540e-01 +4.1977e+00 -6.2547e-02 +2.7579e+00 +5.8937e-01 -2.9930e-01 +3.0854e+00 -2.3427e-01 -1.4830e+00 -7.2367e-01
162 +1.376650714e+02 +1.376650714e+02 -8.623349286e+02 -8.623349286e+02 -7.3779e-01 -1.5655e+00 +1.6598e+00 +1.4973e-01 +2.0789e-01 +7.9385e-01 -3.6101e-01 -3.8871e+00 +2.0551e-01 +9.4978e-01 +8.9540e-01 +4.1977e+00 -6.2547e-02 +2.7579e+00 +5.8937e-01 -2.9930e-01 +3.0854e+00 -2.3427e-01 -1.4830e+00 -7.2367e-01
% function evaluation | noise-free fitness - Fopt (7.910000000000e+00) | best noise-free fitness - Fopt | measured fitness | best measured fitness | x1 | x2...
1 +2.133355039e+06 +2.133355039e+06 +2.133362949e+06 +2.133362949e+06 -2.8786e-01 +1.3754e+00 -4.1745e+00 +3.0328e+00 +4.6606e+00 -4.3219e+00 -4.9392e+00 -2.9717e+00 -5.5881e-01 -2.1965e+00 +1.8324e+00 -2.4709e+00 -2.4238e+00 +4.7307e+00 +1.6764e+00 +4.7703e+00 +3.6174e+00 +4.4805e+00 -2.9545e-01 +4.3969e+00
10 +4.080154462e+05 +4.080154462e+05 +4.080233562e+05 +4.080233562e+05 -3.7919e-01 +3.8776e+00 +1.4293e+00 -4.2946e+00 +2.4089e+00 -1.5417e+00 +2.3684e+00 -2.7857e-02 -3.4315e+00 -4.6678e+00 -1.8528e+00 -1.4823e+00 +2.5984e+00 -1.0999e+00 -2.2964e+00 -3.1391e+00 +3.3532e+00 -3.7314e+00 -3.0640e-01 +4.3659e+00
14 +1.547382440e+05 +1.547382440e+05 +1.547461540e+05 +1.547461540e+05 +4.9695e+00 +1.8835e+00 +4.5121e+00 -2.4687e+00 +3.8149e+00 +4.1291e+00 -4.3238e-01 +1.2552e+00 +2.6164e+00 -4.1005e+00 -2.6847e+00 +4.8424e-01 +1.3745e+00 +3.0817e+00 -3.1975e+00 -4.1248e+00 +7.6865e-01 +5.7792e-01 -3.9989e+00 -4.7014e+00
38 +1.450622554e+04 +1.450622554e+04 +1.451413554e+04 +1.451413554e+04 -1.6653e+00 -2.3601e+00 +3.4723e+00 -2.7417e+00 +4.2985e+00 +1.0280e+00 -3.4771e+00 +4.3477e+00 -3.1493e+00 -2.9635e+00 +3.8257e+00 -2.8862e+00 -3.1634e+00 -2.6725e+00 -2.6764e+00 +4.7103e+00 +2.2889e+00 -3.4129e+00 +4.4254e+00 +2.4145e+00
41 +7.011834781e+03 +7.011834781e+03 +7.019744781e+03 +7.019744781e+03 -1.0851e+00 +1.1552e-01 -4.1210e+00 -2.2321e+00 +4.6567e+00 -4.3210e+00 -4.5067e+00 -2.1560e-01 -2.7679e+00 -2.5245e+00 +2.0592e+00 -2.4722e+00 -2.7510e+00 -1.8813e-01 -1.2021e+00 +4.7291e+00 +2.3593e+00 -1.1571e+00 +9.2609e-01 +3.4217e+00
81 +5.023973105e+03 +5.023973105e+03 +5.031883105e+03 +5.031883105e+03 -1.0851e+00 +1.1552e-01 -4.1210e+00 -2.3235e+00 +4.6567e+00 -4.3210e+00 -4.5067e+00 -2.1560e-01 -2.7679e+00 -2.5245e+00 +2.0592e+00 -2.4722e+00 -2.7510e+00 -1.8813e-01 -1.2021e+00 +4.7291e+00 +2.3593e+00 -1.1571e+00 +9.2609e-01 +3.4217e+00
97 +1.056792722e+03 +1.056792722e+03 +1.064702722e+03 +1.064702722e+03 -7.9074e-01 -3.7485e+00 +1.0131e+00 -4.8774e-01 +4.0798e+00 -2.7370e+00 -4.2530e+00 +1.7776e+00 -6.7560e-01 -2.8790e+00 +2.0947e+00 -2.4743e+00 -3.0891e+00 -8.6109e-02 -2.0283e+00 +2.5842e+00 +2.2554e+00 -4.9451e-02 +3.4751e+00 +9.6626e-01
126 +8.504484889e+02 +8.504484889e+02 +8.583584889e+02 +8.583584889e+02 -9.5887e-01 -3.0570e+00 +1.0624e+00 -1.1239e+00 +3.5004e+00 +2.1543e-01 -4.0839e+00 +1.1316e+00 -2.0863e+00 -3.6614e-01 +2.4348e+00 -2.4464e+00 -3.0104e+00 -7.5634e-02 -1.2908e+00 +4.0968e+00 +2.0527e+00 -2.4501e-01 +1.9207e+00 +3.1953e+00
182 +4.901195355e+02 +4.901195355e+02 +4.980295355e+02 +4.980295355e+02 -9.5174e-01 -2.1101e+00 -9.3722e-01 -8.7479e-01 +4.4502e+00 -1.5638e+00 -3.9064e+00 +1.7265e+00 -1.0774e+00 -2.3340e+00 +2.2564e+00 -1.7743e+00 -2.9709e+00 -4.8549e-02 -1.3417e+00 +4.1443e+00 +2.1474e+00 -1.9460e-01 +1.9467e+00 +2.4313e+00
190 +2.941435382e+02 +2.941435382e+02 +3.020535382e+02 +3.020535382e+02 -7.2118e-01 -2.7661e+00 +9.4911e-01 -7.1338e-01 +4.0332e+00 -2.1426e+00 -3.1488e+00 +7.7319e-01 -2.3944e+00 -2.3244e+00 +2.3387e+00 -2.5029e+00 -3.0132e+00 -4.3640e-01 -1.2425e+00 +3.8322e+00 +2.2410e+00 -1.9009e+00 +2.9999e+00 +3.1413e+00
209 +2.504417780e+02 +2.504417780e+02 +2.583517780e+02 +2.583517780e+02 -6.7434e-01 -2.7666e+00 +6.6351e-01 -8.3330e-01 +3.9355e+00 -1.0281e+00 -3.4016e+00 +1.1073e+00 -2.3866e+00 -1.8275e+00 +2.2015e+00 -2.4482e+00 -3.0108e+00 -6.9739e-01 -1.6337e+00 +3.1370e+00 +2.2388e+00 -1.0065e+00 +2.8240e+00 +3.1437e+00
% function evaluation | noise-free fitness - Fopt (-3.233000000000e+01) | best noise-free fitness - Fopt | measured fitness | best measured fitness | x1 | x2...
1 +2.272573462e+07 +2.272573462e+07 +2.272570229e+07 +2.272570229e+07 +4.4533e+00 +7.8232e-01 +4.8394e+00 +1.1892e+00 +3.0423e+00 -3.4791e-01 -1.5952e+00 +1.2903e+00 +8.0534e-01 -2.5308e+00 -4.8099e+00 +3.3657e+00 +1.8793e+00 -7.7492e-02 -3.4671e+00 +3.2039e+00 -4.2624e+00 -3.5385e+00 +3.7547e+00 -4.8903e+00
2 +4.764544036e+06 +4.764544036e+06 +4.764511706e+06 +4.764511706e+06 -2.5221e-01 +2.4913e+00 +3.8698e+00 +2.2795e+00 +1.9852e+00 +4.1713e-01 -3.1450e+00 +6.7950e-01 +3.7461e+00 +3.5779e+00 -2.0783e+00 +4.4981e+00 +3.9720e+00 -5.2243e-01 +3.8237e+00 -2.0931e+00 +1.5486e-01 -1.5843e+00 +1.0836e+00 -4.4812e+00
5 +2.310436034e+06 +2.310436034e+06 +2.310403704e+06 +2.310403704e+06 -1.0307e+00 -3.7851e+00 -2.6398e-01 -7.3085e-01 -3.1788e+00 -1.3612e+00 -3.8863e+00 -2.2211e+00 -3.5493e+00 -4.8054e-01 -4.4429e+00 -2.4910e-01 +1.7730e-01 +1.8029e+00 -4.6947e+00 -2.6931e+00 +1.9525e+00 -3.9565e-01 +1.8694e+00 +4.4687e+00
7 +2.258410652e+05 +2.258410652e+05 +2.258087352e+05 +2.258087352e+05 -4.1759e+00 +2.7979e+00 -6.5017e-01 +2.1222e+00 +3.4710e+00 -3.7958e+00 -2.9375e+00 +1.7446e+00 -1.5171e+00 -1.7563e-01 -6.9954e-01 -1.3951e+00 -4.3431e+00 -4.4440e+00 +1.1894e+00 +1.5738e+00 +4.7209e+00 +1.7913e+00 +1.0886e+00 -2.1799e+00
31 +9.212765320e+04 +9.212765320e+04 +9.209532320e+04 +9.209532320e+04 -1.5168e+00 -8.2988e-01 +1.1193e+00 +2.1060e+00 +3.7305e+00 +3.4315e+00 -8.5181e-01 +6.4037e-01 +2.9235e+00 +4.0185e+00 +1.3694e+00 -4.3133e+00 +3.4062e+00 -1.5708e+00 -3.0741e+00 +3.7354e+00 +3.8641e+00 -2.6668e+00 +5.7944e-01 -2.6280e+00
37 +2.992893895e+02 +2.992893895e+02 +2.669593895e+02 +2.669593895e+02 -1.9634e+00 -2.5709e+00 -1.3017e+00 +1.1271e+00 -4.8989e+00 +7.0325e-01 -4.4470e+00 -4.1386e+00 -3.8576e+00 -2.5869e+00 +7.0697e-01 -3.6493e+00 +4.4176e+00 -6.8211e-01 +9.3784e-01 -2.0891e+00 -1.9942e+00 -4.4858e+00 -3.8762e+00 +1.3123e+00
110 +2.148710301e+02 +2.148710301e+02 +1.825410301e+02 +1.825410301e+02 -1.4668e+00 -1.2668e+00 -7.5735e-01 +1.0484e+00 -4.4759e+00 +8.7673e-01 -3.8473e+00 -4.3290e+00 -3.8359e+00 -3.0436e+00 +7.0240e-01 -1.5118e-01 +4.4220e+00 -1.8487e+00 +6.7013e-01 -9.3514e-01 -2.0044e+00 -6.8990e-01 -3.5916e+00 +9.8870e-01
% function evaluation | noise-free fitness - Fopt (-1.324000000000e+01) | best noise-free fitness - Fopt | measured fitness | best measured fitness | x1 | x2...
1 +7.551492342e+07 +7.551492342e+07 +7.551491018e+07 +7.551491018e+07 +2.6571e+00 -4.7341e+00 -2.6716e+00 +3.3551e+00 +4.2250e+00 +2.6984e-01 -9.0689e-01 +2.5465e+00 -2.8060e+00 -2.1552e+00 -1.7673e+00 -2.1753e+00 -4.2507e+00 -3.8802e-01 +3.1116e+00 +4.6633e+00 -2.4387e+00 +1.1992e+00 -2.8072e+00 +2.1735e+00
2 +9.390834566e+06 +9.390834566e+06 +9.390821326e+06 +9.390821326e+06 +1.1829e+00 -4.5228e+00 +2.6115e+00 +4.5792e+00 +4.7698e+00 -3.6110e-01 -1.6901e+00 -4.2208e+00 -6.0636e-01 +4.9538e+00 -4.9817e+00 -2.4371e+00 +3.2858e-01 +1.5034e+00 +2.1537e+00 -1.7994e+00 +3.6669e+00 -4.2014e+00 +3.8576e+00 -4.4479e+00
3 +4.794713957e+05 +4.794713957e+05 +4.794581557e+05 +4.794581557e+05 -4.2477e+00 -1.1156e+00 +4.7829e+00 +2.0470e-01 -4.4858e+00 -3.7064e+00 -5.4880e-01 -2.1280e-02 +3.3661e+00 -2.4638e+00 +4.6938e+00 +1.8099e+00 +3.9483e+00 +1.6420e+00 -7.6678e-01 -2.5704e+00 +2.4498e+00 +4.2626e+00 +2.1660e+00 +2.7736e+00
7 +4.407527729e+03 +4.407527729e+03 +4.394287729e+03 +4.394287729e+03 +1.2855e-01 +4.1108e+00 +4.4598e-01 +2.8412e+00 -4.2713e+00 -1.0482e-02 +2.1880e+00 +3.2964e+00 -3.2598e+00 +3.2131e+00 +3.6871e+00 -7.3501e-01 +1.3278e+00 +3.6597e+00 +7.7437e-01 -4.7851e+00 +4.5524e+00 +7.9314e-01 +4.6563e+00 -2.4243e+00
43 +7.594241145e+02 +7.594241145e+02 +7.461841145e+02 +7.461841145e+02 -3.8201e+00 +2.8627e-01 +1.3804e+00 +1.3257e+00 -4.2858e+00 -3.5657e+00 +6.8253e-01 +2.0133e+00 +5.2759e-02 +3.1109e+00 +4.5673e+00 -5.7202e-01 +2.3763e+00 +2.6098e+00 +1.7875e-01 -4.5105e+00 +3.6353e+00 +3.3279e+00 +2.2735e+00 -1.7675e+00
163 +2.724621294e+02 +2.724621294e+02 +2.592221294e+02 +2.592221294e+02 -3.8201e+00 +2.8627e-01 +1.3804e+00 +1.3257e+00 -4.2858e+00 -3.5657e+00 +6.8253e-01 +2.0133e+00 +5.2759e-02 +3.1109e+00 +4.5673e+00 -5.7202e-01 +2.3763e+00 +2.9415e+00 +1.7875e-01 -4.5553e+00 +3.6353e+00 +3.3279e+00 +2.2735e+00 -1.7675e+00
% function evaluation | noise-free fitness - Fopt (-4.812000000000e+01) | best noise-free fitness - Fopt | measured fitness | best measured fitness | x1 | x2...
1 +8.735364069e+06 +8.735364069e+06 +8.735315949e+06 +8.735315949e+06 +3.7628e+00 +6.5468e-01 -2.8881e+00 -4.0712e+00 -1.2186e+00 +1.2672e-01 +1.6935e+00 -9.5542e-01 -4.4094e-01 -4.4313e+00 +1.7417e+00 -3.1154e+00 -1.1652e+00 +3.7693e+00 -3.7029e-01 +3.8994e+00 -3.2102e+00 -1.4837e+00 +2.6594e+00 +3.1060e+00
4 +2.008645244e+06 +2.008645244e+06 +2.008597124e+06 +2.008597124e+06 -3.9330e+00 +1.1769e+00 +2.9929e+00 +3.5781e+00 -2.5459e+00 +9.9741e-01 -1.5903e+00 -1.2658e+00 -1.0891e+00 -4.1195e+00 -2.6227e+00 +3.3043e+00 +2.2473e+00 +8.7349e-01 -3.1756e+00 +3.7214e+00 -3.9459e+00 -3.2009e+00 +1.3425e+00 -2.1062e-01
5 +6.274223712e+05 +6.274223712e+05 +6.273742512e+05 +6.273742512e+05 +2.8348e+00 +2.8252e-01 -2.3478e+00 +2.6802e+00 -4.5486e+00 +3.0827e+00 -1.2143e-01 -2.8185e+00 +1.6694e+00 +3.1718e+00 -1.0404e+00 -4.9324e+00 -1.8564e-01 +2.1540e-01 +4.5908e+00 +4.0188e+00 +4.2762e+00 -2.1124e+00 +4.4241e+00 +1.0159e+00
12 +2.710751607e+03 +2.710751607e+03 +2.662631607e+03 +2.662631607e+03 +1.1013e+00 +4.5531e+00 +4.3522e+00 +3.6035e+00 +2.1930e+00 +5.0909e-01 -1.4707e+00 -2.2260e+00 +2.1058e-01 -9.7939e-01 -2.3316e+00 -2.6530e+00 -4.0244e-02 +7.0606e-01 -3.5669e-01 -2.4293e+00 -3.0432e-01 -4.5980e+00 -5.0764e-01 -4.0236e+00
53 +1.087993557e+02 +1.087993557e+02 +6.067935571e+01 +6.067935571e+01 +4.7710e-01 +2.6754e+00 +6.4308e-01 +2.8736e+00 -8.4670e-01 -4.5638e-01 +3.7452e+00 -7.1086e-01 -2.8354e+00 -1.7740e+00 -3.2834e+00 -1.7126e-01 -3.9186e-01 +8.5894e-02 +1.8547e+00 +3.6921e-03 -2.6911e-01 -1.4855e+00 +3.4220e+00 +7.0957e-01
% function evaluation | noise-free fitness - Fopt (-3.335000000000e+01) | best noise-free fitness - Fopt | measured fitness | best measured fitness | x1 | x2...
1 +2.851680798e+07 +2.851680798e+07 +2.851677463e+07 +2.851677463e+07 +7.2435e-02 +2.3446e-01 -3.0499e+00 -1.9606e+00 -2.4061e+00 -4.0265e+00 -3.6412e+00 +2.0730e+00 +1.5300e-01 -4.7182e+00 +3.7397e+00 -1.1306e+00 -4.7602e+00 +4.9085e+00 +7.9237e-01 +3.9556e+00 +3.5271e+00 +1.1350e+00 -3.5112e+00 +2.2088e+00
2 +1.171269827e+07 +1.171269827e+07 +1.171266492e+07 +1.171266492e+07 +1.6691e+00 -4.7963e+00 -1.5018e+00 -1.4193e+00 -3.8256e-01 -2.9907e+00 +6.6265e-01 +4.5053e+00 +3.8972e+00 -4.7593e+00 +2.2795e-01 -9.2980e-01 -4.2867e+00 -3.9242e+00 -3.6215e+00 -1.9538e+00 -2.5869e+00 +1.4881e-01 +4.5128e+00 -1.4730e+00
3 +8.494782756e+05 +8.494782756e+05 +8.494449256e+05 +8.494449256e+05 -4.9614e+00 +7.6816e-01 -4.7764e+00 -1.6387e+00 +4.0716e+00 -9.4656e-03 +2.1949e+00 +3.1498e+00 -1.3056e+00 +4.8274e+00 -4.5101e+00 -3.5669e+00 +6.4785e-01 -2.3205e+00 -4.2732e+00 -4.1887e+00 +3.5903e+00 +3.6164e+00 -1.3531e+00 +9.9164e-01
5 +6.506959327e+04 +6.506959327e+04 +6.503624327e+04 +6.503624327e+04 +2.5378e+00 +1.7369e+00 +2.8976e+00 +3.7658e+00 -1.1790e+00 -4.5653e+00 -2.2564e+00 +3.5148e+00 +4.5208e+00 +9.8777e-02 -5.9145e-01 +4.0297e+00 +3.8931e+00 -3.0730e+00 +3.7870e-01 -4.1095e+00 +4.6386e+00 +3.5224e+00 -3.7591e+00 -7.8985e-01
31 +4.447364150e+02 +4.447364150e+02 +4.113864150e+02 +4.113864150e+02 -4.4776e+00 -2.7139e+00 +3.7230e-01 +2.7775e+00 +4.5208e+00 -4.0686e+00 +2.4306e-01 +4.0648e+00 +2.9031e+00 +3.9099e+00 -3.6359e+00 -3.3481e+00 -9.7281e-01 +4.4509e+00 -2.2182e+00 +1.0289e+00 -2.4944e+00 +3.2067e+00 -9.7184e-01 +8.6557e-01
97 +2.113007765e+02 +2.113007765e+02 +1.779507765e+02 +1.779507765e+02 +1.7092e+00 -2.4808e+00 -2.1194e+00 +2.0339e+00 +2.2720e+00 -1.9894e+00 +1.9820e-01 -1.8315e+00 -2.0810e+00 -2.6658e+00 +2.1986e+00 -1.2110e+00 -1.5858e-01 +3.3936e+00 -7.7021e-01 +2.0235e+00 -1.9124e+00 -2.3945e-01 +1.1818e+00 +7.6188e-01
280 +1.126808732e+02 +1.126808732e+02 +7.933087319e+01 +7.933087319e+01 +1.2588e+00 -2.3948e+00 -2.1088e+00 +1.9585e+00 +2.3760e+00 -1.7541e+00 +2.5228e-01 -1.8068e+00 -1.6720e+00 -2.4163e+00 +2.2027e+00 -1.2916e+00 -3.9296e-01 +3.3919e+00 -8.2724e-01 +1.6840e+00 -2.0441e+00 -1.8896e-01 +1.1700e+00 +3.7085e-01
296 +8.387404638e+01 +8.387404638e+01 +5.052404638e+01 +5.052404638e+01 +1.1386e+00 -2.3238e+00 -2.1068e+00 +1.9247e+00 +2.3768e+00 -1.7555e+00 +2.4301e-01 -1.8027e+00 -1.6763e+00 -2.4507e+00 +2.2022e+00 -1.3701e+00 -3.6617e-01 +3.3921e+00 -8.2631e-01 +1.6604e+00 -1.9833e+00 -1.1029e-01 +1.2020e+00 +4.0914e-01
% function evaluation | noise-free fitness - Fopt (-1.712100000000e+02) | best noise-free fitness - Fopt | measured fitness | best measured fitness | x1 | x2...
1 +2.667602421e+02 +2.667602421e+02 +9.555024210e+01 +9.555024210e+01 +1.6265e+00 -4.1372e+00 +1.6921e+00 -4.3893e+00 +4.3653e+00 +1.7495e+00 -1.0436e+00 +1.5330e+00 +3.9686e+00 -1.1488e-02 -2.0748e+00 +2.3905e+00 +3.3386e+00 -1.4822e+00 +4.6829e+00 -5.2980e-01 +2.9830e+00 +9.5322e-01 +2.3484e-02 -1.6179e-01
% function evaluation | noise-free fitness - Fopt (-5.710000000000e+01) | best noise-free fitness - Fopt | measured fitness | best measured fitness | x1 | x2...
1 +4.043178222e+03 +4.043178222e+03 +3.986078222e+03 +3.986078222e+03 -2.3009e+00 -4.9759e+00 +1.0124e-01 -1.9983e+00 -2.1656e+00 +4.4622e+00 +1.5012e+00 -3.7848e+00 +3.5075e-02 +4.4307e+00 -4.7440e-01 +1.8656e-01 +2.1408e+00 +3.6885e+00 -4.7913e-02 +1.8247e+00 -1.9840e-01 -4.4383e+00 -3.2606e+00 +1.6800e+00
4 +1.341355759e+03 +1.341355759e+03 +1.284255759e+03 +1.284255759e+03 +4.9937e+00 -5.0024e-03 +3.5030e-01 -3.0988e+00 -4.6773e+00 -6.2491e-01 +1.5479e+00 +2.2524e+00 +3.2250e+00 -2.2047e+00 -2.4738e+00 +4.4767e+00 +3.3821e+00 +1.9682e+00 -4.2288e+00 -4.1180e+00 -3.4187e+00 -1.1649e+00 -2.5713e+00 -3.3063e+00
87 +3.216826620e+02 +3.216826620e+02 +2.645826620e+02 +2.645826620e+02 +3.3450e+00 -3.4471e-02 +4.6603e-01 -2.3163e+00 -4.5435e+00 -6.7966e-01 +2.0028e+00 +1.9582e+00 +3.0142e+00 -2.2134e+00 -2.4762e+00 +3.0690e+00 +2.6571e+00 +7.7904e-01 +1.6914e+00 -3.4750e+00 -2.0339e+00 -1.2921e+00 -8.1984e-01 -2.7416e+00
% function evaluation | noise-free fitness - Fopt (2.965400000000e+02) | best noise-free fitness - Fopt | measured fitness | best measured fitness | x1 | x2...
1 +1.114686923e+07 +1.114686923e+07 +1.114716577e+07 +1.114716577e+07 -3.2153e+00 +1.0581e+00 +1.6192e+00 -4.2551e-01 +2.7195e+00 -3.7908e-03 +2.0899e+00 +2.6187e+00 -4.6140e+00 +3.0758e+00 +4.3688e+00 +2.6871e+00 -3.2520e+00 +2.7962e+00 -1.7461e+00 +7.7532e-02 +4.7225e+00 -4.0164e+00 +4.4880e+00 -2.1024e+00
3 +4.733214641e+06 +4.733214641e+06 +4.733511181e+06 +4.733511181e+06 -3.2918e+00 +1.6925e+00 -3.3607e-01 -3.8563e+00 +1.0435e+00 -1.5793e+00 -4.7192e+00 -1.9861e-01 +1.5377e-01 -2.1683e+00 +3.1358e+00 +6.9929e-01 +2.3920e+00 +7.6267e-01 +4.2950e-01 +3.3355e+00 +2.0776e+00 +4.0327e+00 -4.4953e+00 -4.4281e+00
8 +1.008745370e+05 +1.008745370e+05 +1.011710770e+05 +1.011710770e+05 -8.3002e-01 +4.3860e+00 -3.5697e+00 +2.3240e+00 -1.5799e+00 -6.3670e-01 +2.6606e+00 +1.8362e+00 +3.6493e+00 +4.9597e+00 -2.0849e+00 +2.1210e+00 +2.0408e-01 +2.8690e+00 -4.3783e+00 +4.8915e+00 -3.4758e+00 +2.8501e+00 -3.6601e+00 -4.7675e+00
52 +6.835002981e+04 +6.835002981e+04 +6.864656981e+04 +6.864656981e+04 -4.1796e-01 -2.2885e+00 -3.4640e+00 +1.1316e+00 -1.1219e+00 -1.4727e+00 +2.5607e+00 -6.8127e-01 +3.4898e+00 +1.1142e+00 -1.9764e+00 +6.1905e-01 +2.8026e+00 +2.8967e+00 +3.5412e+00 +4.3342e+00 -9.7159e-01 +1.0826e+00 -7.5013e-01 -2.0412e+00
63 +5.711435413e+03 +5.711435413e+03 +6.007975413e+03 +6.007975413e+03 -1.1764e+00 +3.2157e+00 +9.8982e-01 +1.6824e+00 -1.6888e+00 -1.2541e+00 +1.0830e+00 +3.7144e-01 -3.4495e-01 +4.4828e+00 +5.6553e-01 +3.6949e+00 -2.4594e+00 +3.6399e+00 -4.4247e+00 +4.7853e+00 -2.7428e+00 +2.3362e+00 -3.2760e-01 +4.5848e-01
91 +2.599687196e+02 +2.599687196e+02 +5.565087196e+02 +5.565087196e+02 -1.3057e-01 +2.5346e+00 +9.9817e-01 +8.4305e-01 -1.4252e+00 -6.6896e-01 +1.9039e+00 -2.8577e+00 +4.7384e-01 +4.2685e+00 -1.6875e+00 +3.6714e+00 -2.0175e+00 +3.3881e+00 -2.2880e+00 +1.9319e+00 +3.8709e-03 -1.7696e-02 -1.4144e+00 -1.6486e+00
252 +2.472820174e+02 +2.472820174e+02 +5.438220174e+02 +5.438220174e+02 -1.3057e-01 +2.5346e+00 +9.9817e-01 +8.4305e-01 -1.4252e+00 -6.6896e-01 +1.9039e+00 -2.8577e+00 +4.7384e-01 +4.2685e+00 -1.6875e+00 +3.6714e+00 -1.9613e+00 +3.3881e+00 -2.2880e+00 +1.9319e+00 +3.8709e-03 -1.7696e-02 -1.4144e+00 -1.6486e+00
% function evaluation | noise-free fitness - Fopt (-1.118800000000e+02) | best noise-free fitness - Fopt | measured fitness | best measured fitness | x1 | x2...
1 +1.477851828e+06 +1.477851828e+06 +1.477739948e+06 +1.477739948e+06 +2.0283e+00 -2.2723e+00 -1.7225e+00 +3.1445e+00 -2.3919e+00 -4.5843e+00 +4.0530e+00 +3.8502e+00 +3.0945e+00 +4.8613e+00 -5.5442e-01 +1.1775e+00 +2.1663e+00 -4.7984e+00 -3.2397e+00 -4.3451e+00 +6.3073e-01 +4.3628e+00 +1.6343e+00 +1.9185e+00
9 +5.334428006e+05 +5.334428006e+05 +5.333309206e+05 +5.333309206e+05 -1.6029e+00 +3.1488e+00 +2.4594e+00 -4.6237e+00 +4.7934e+00 -8.7754e-01 -1.5217e+00 -3.1405e+00 +2.4805e+00 -1.9953e+00 +4.3746e+00 +9.6228e-01 -1.9607e+00 -1.9359e-01 -4.1798e+00 -4.3435e-01 -4.3963e+00 -3.9573e+00 -1.9698e+00 -4.9472e+00
13 +1.433105236e+05 +1.433105236e+05 +1.431986436e+05 +1.431986436e+05 +2.8561e+00 +3.2453e+00 +2.2406e+00 -4.2821e-01 -1.2932e+00 +1.7081e+00 +3.2568e+00 +3.8287e+00 -3.8998e+00 -3.7872e+00 -2.7226e+00 +2.7214e+00 +2.7801e+00 -4.0558e+00 +2.6552e+00 -2.2684e+00 -1.3743e+00 -3.3203e+00 -7.0197e-01 +1.8607e+00
41 +2.598602709e+04 +2.598602709e+04 +2.587414709e+04 +2.587414709e+04 +2.4693e+00 +1.2551e+00 +1.3188e+00 +2.1432e+00 -1.8224e+00 -2.0273e+00 +3.3879e+00 +3.8334e+00 -1.2207e-01 +3.4994e+00 -1.8282e+00 +2.1748e+00 +2.5825e+00 -4.4989e+00 +1.4729e+00 -3.0531e+00 -8.9709e-01 +2.9803e+00 -5.3252e-01 +1.9155e+00
43 +4.514048979e+03 +4.514048979e+03 +4.402168979e+03 +4.402168979e+03 +1.3198e+00 +2.2413e+00 +2.7504e-01 -2.3018e+00 -2.0215e+00 +1.7551e+00 -1.1221e+00 +3.6291e+00 -1.7548e+00 -4.5995e+00 -1.2279e+00 +7.7060e-01 +2.6083e+00 -2.7820e+00 +4.3400e-01 +1.5644e+00 +4.8593e-01 -3.3317e+00 -3.5334e+00 -1.7990e-01
82 +1.701983697e+03 +1.701983697e+03 +1.590103697e+03 +1.590103697e+03 +1.3789e+00 -1.9507e+00 +8.9773e-01 -1.4637e+00 -9.6694e-01 +2.2187e+00 -9.7678e-01 -4.7578e-01 -3.6415e+00 -4.1910e+00 -1.2580e+00 +1.9170e+00 -3.1462e+00 -3.3752e+00 +3.3233e-01 -1.0699e-01 -1.0073e+00 -3.5447e+00 -2.7626e+00 +1.4598e-01
83 +4.343354470e+02 +4.343354470e+02 +3.224554470e+02 +3.224554470e+02 +1.3198e+00 +2.2413e+00 +2.7504e-01 -2.3018e+00 -2.0215e+00 +1.7551e+00 -1.1221e+00 +3.6291e+00 -1.7548e+00 -4.5995e+00 -1.2279e+00 +1.0556e+00 +2.6083e+00 -2.7820e+00 +4.3400e-01 +1.5644e+00 +4.8593e-01 -3.3317e+00 -3.5334e+00 -1.7990e-01
176 +2.302788603e+02 +2.302788603e+02 +1.183988603e+02 +1.183988603e+02 +8.4735e-01 +2.2783e+00 +4.6818e-02 -2.1758e+00 -1.5264e+00 +1.7790e+00 -1.1050e+00 +3.6668e+00 -1.7989e+00 -3.7149e+00 -8.7200e-01 +1.0317e+00 +2.6066e+00 -2.7114e+00 +7.0508e-01 +1.5359e+00 +4.3346e-01 -3.2506e+00 -3.4226e+00 -2.1762e-01
190 +1.540821176e+02 +1.540821176e+02 +4.220211761e+01 +4.220211761e+01 +1.3198e+00 +2.2413e+00 +2.7504e-01 -2.3018e+00 -2.0215e+00 +1.7551e+00 -1.1221e+00 +3.6291e+00 -1.7548e+00 -4.5995e+00 -1.2279e+00 +1.0348e+00 +2.6083e+00 -2.8122e+00 +4.3400e-01 +1.5644e+00 +4.8593e-01 -3.3317e+00 -3.5334e+00 -1.7990e-01
