% function evaluation | noise-free fitness - Fopt (-5.235000000000e+01) | best noise-free fitness - Fopt | measured fitness | best measured fitness | x1 | x2...
1 +1.268095819e+02 +1.268095819e+02 +7.445958194e+01 +7.445958194e+01 +4.5849e-01 +2.0993e+00 -1.4392e+00 -8.4215e-01 -3.8229e+00 +1.6300e-01 -1.1765e+00 +4.3343e-01 +4.9482e+00 -4.6659e-01 +1.4111e+00 +1.4037e+00 +4.5013e-01 -2.7562e+00 +3.8123e+00 +1.8018e+00 +2.6806e+00 +4.1326e+00 -1.5362e+00 -4.9315e+00
4 +5.675812210e+01 +5.675812210e+01 +4.408122100e+00 +4.408122100e+00 +3.2843e+00 -2.6771e+00 -1.2309e+00 -5.6304e-01 -3.7406e+00 -6.5138e-01 -3.8648e+00 -1.9898e+00 -4.9841e+00 -2.9773e+00 -1.8132e+00 +6.2906e-01 -3.0751e+00 +1.2163e+00 +1.9706e+00 -1.8900e+00 +1.3960e-01 +3.4322e-01 +4.6270e+00 -5.4748e-01
41 +2.930714001e+01 +2.930714001e+01 -2.304285999e+01 -2.304285999e+01 +7.0661e-01 -1.8372e-01 -1.2409e+00 -6.6767e-01 -3.7692e+00 -3.8760e-01 -1.4111e+00 -7.0927e-01 -2.5981e+00 -1.2026e+00 +1.3208e+00 +7.4137e-01 -1.3199e+00 +1.4473e-01 +2.2051e+00 +8.7370e-02 +1.5014e+00 +1.9872e+00 +3.0449e+00 -4.9098e+00
92 +2.471453720e+01 +2.471453720e+01 -2.763546280e+01 -2.763546280e+01 +1.0824e+00 -2.5780e-01 -7.7537e-01 -1.9219e+00 -3.4622e+00 -4.2510e-01 -1.8019e+00 +8.1853e-01 -2.2500e+00 -1.0828e+00 +8.2791e-01 +5.9615e-01 +4.6847e-02 +2.9566e-01 +3.0688e+00 -6.7539e-01 +1.4754e+00 +1.2864e+00 +2.9223e+00 -4.3287e+00
% function evaluation | noise-free fitness - Fopt (-1.795400000000e+02) | best noise-free fitness - Fopt | measured fitness | best measured fitness | x1 | x2...
1 +9.699019794e+01 +9.699019794e+01 -8.254980206e+01 -8.254980206e+01 +1.9150e+00 +4.7069e+00 -1.3116e+00 +1.8364e+00 +1.9476e+00 -2.2144e+00 -1.8461e+00 -1.7241e-01 -2.1331e-01 +7.4979e-01 -3.0777e+00 +1.2227e+00 -3.2160e+00 -4.7361e+00 -2.4441e-01 -4.9788e+00 -1.4230e+00 +2.6785e-02 -1.3964e+00 -3.7087e+00
25 +6.264751122e+01 +6.264751122e+01 -1.168924888e+02 -1.168924888e+02 -1.7281e+00 -4.0397e+00 -3.8695e+00 -7.8430e-01 -4.6810e+00 +3.8449e+00 -3.1497e+00 +4.6711e+00 +7.6409e-01 +4.2060e+00 -4.0448e+00 +1.4020e+00 +8.9382e-01 -9.7503e-01 +4.7387e+00 -6.7642e-01 -2.8336e+00 +4.2174e+00 +1.0577e+00 -5.5404e-01
59 +2.964044866e+01 +2.964044866e+01 -1.498995513e+02 -1.498995513e+02 +6.3942e-01 +1.4741e+00 -2.4012e+00 +4.1379e+00 +3.6062e+00 +1.6786e+00 -2.8070e-01 +2.9219e+00 -2.4806e+00 +3.5158e+00 -4.0039e+00 +3.4637e+00 +9.5970e-01 -1.5043e+00 -5.1659e-01 -1.1142e+00 -1.2649e+00 +4.3953e+00 +3.7456e+00 -1.9401e+00
85 +1.869692311e+01 +1.869692311e+01 -1.608430769e+02 -1.608430769e+02 -6.7733e-01 +1.2495e+00 +1.6762e+00 +3.9980e+00 +3.7610e+00 +4.9799e-01 +1.8102e+00 +1.0879e+00 +1.7133e-01 +3.4464e+00 +1.8614e-01 +3.3400e+00 +3.3101e-01 -8.1668e-01 -1.3576e-01 +8.2300e-01 -1.3059e+00 +3.6680e+00 +2.2280e+00 -2.5079e+00
201 +1.582991266e+01 +1.582991266e+01 -1.637100873e+02 -1.637100873e+02 -3.7708e-01 +1.4794e+00 +1.4398e+00 +3.4788e+00 +3.6889e+00 +5.2519e-01 +8.0628e-01 +1.7640e+00 -7.2058e-01 +3.2603e+00 +5.4228e-02 +3.2980e+00 +6.0238e-01 -8.8434e-01 -3.8182e-01 +2.0296e-01 -1.5282e+00 +3.7551e+00 +2.0618e+00 -1.2549e+00
% function evaluation | noise-free fitness - Fopt (7.731000000000e+01) | best noise-free fitness - Fopt | measured fitness | best measured fitness | x1 | x2...
1 +4.784774606e+01 +4.784774606e+01 +1.251577461e+02 +1.251577461e+02 +3.7727e+00 -2.3708e+00 +2.6298e+00 +3.5163e-01 +5.6728e-02 -3.7568e+00 +3.3944e+00 -4.2429e+00 -8.6555e-01 -1.7850e+00 +2.1935e+00 -4.1765e+00 -1.6805e+00 +1.2845e+00 +4.6074e+00 -4.6742e+00 -3.7434e+00 -3.4388e-02 +7.5224e-01 +2.3358e+00
50 +3.408620682e+01 +3.408620682e+01 +1.113962068e+02 +1.113962068e+02 +2.8270e+00 -2.2035e+00 -1.1499e+00 +3.0874e-01 +8.0576e-01 -1.5517e+00 +3.1131e+00 -1.6877e+00 -8.1149e-01 -9.8529e-01 +1.4988e+00 -2.2401e+00 -1.7633e+00 +1.2718e+00 +9.0766e-01 -4.2192e+00 -2.9787e+00 -2.3825e-01 +7.5681e-01 -9.2560e-01
100 +2.276424492e+01 +2.276424492e+01 +1.000742449e+02 +1.000742449e+02 +2.0015e+00 -2.1521e+00 +2.8549e+00 +1.2210e-01 -5.7803e-01 -1.9694e+00 +8.2009e-01 -6.9286e-01 -3.8190e-01 +6.9152e-01 +1.6457e+00 -2.8777e+00 -4.2130e-01 +1.3065e-01 +2.6817e+00 -7.1684e-01 -1.9853e+00 +1.1193e-01 +2.1850e+00 +1.7866e+00
164 +1.583088495e+01 +1.583088495e+01 +9.314088495e+01 +9.314088495e+01 +9.9503e-01 -2.4329e+00 +1.4876e+00 +1.4506e-01 -1.7785e-01 -1.1174e+00 +1.0520e+00 -2.1564e+00 -5.2288e-01 +1.0227e+00 +1.6547e+00 -1.9261e+00 -4.3145e-01 -2.0669e-01 +1.4959e+00 -1.1246e+00 -2.1205e+00 +1.0790e-01 +2.6816e+00 +1.6514e+00
% function evaluation | noise-free fitness - Fopt (3.992000000000e+01) | best noise-free fitness - Fopt | measured fitness | best measured fitness | x1 | x2...
1 +6.239776388e+02 +6.239776388e+02 +6.638976388e+02 +6.638976388e+02 +1.6022e+00 +2.2369e+00 -3.3548e+00 +4.4355e+00 -2.4894e+00 -9.0376e-02 +1.6050e+00 -3.1492e+00 -3.4312e+00 -3.7864e+00 -3.2044e+00 +2.9563e+00 +4.6151e+00 -4.6613e+00 +4.1840e+00 +7.6347e-01 -1.5053e+00 -1.4650e+00 +4.4905e+00 -4.2724e+00
2 +1.245576337e+02 +1.245576337e+02 +1.644776337e+02 +1.644776337e+02 +1.2676e+00 +3.9049e+00 -2.2501e+00 -3.0818e+00 -3.2714e-01 -8.1539e-01 -4.6543e+00 -1.4937e+00 -4.3485e+00 +3.9319e+00 -7.6219e-01 +3.4693e+00 -4.7036e+00 -4.5175e+00 -8.9269e-01 -6.3512e-01 +4.9885e-01 -9.8358e-01 -4.9508e+00 -2.9573e+00
8 +7.895448798e+01 +7.895448798e+01 +1.188744880e+02 +1.188744880e+02 -1.9171e+00 -6.0421e-01 +2.4761e+00 -5.3627e-01 +4.7475e+00 +1.6540e+00 -1.7088e+00 -4.6161e+00 +2.8797e+00 +2.1808e+00 +1.8379e+00 -4.9140e+00 -4.3734e+00 +2.1506e+00 -1.7336e+00 +2.1744e+00 +1.8621e+00 +3.7791e+00 +1.7947e+00 -3.6652e+00
42 +3.992508691e+01 +3.992508691e+01 +7.984508691e+01 +7.984508691e+01 +1.7694e+00 +3.8611e+00 +4.4445e-01 +4.2659e-01 -3.2214e+00 -8.0724e-01 -1.2949e+00 -1.3087e+00 -1.4750e+00 +6.9822e-01 -8.1633e-01 +4.1737e+00 +4.7246e-01 -3.5631e+00 +3.7472e-01 -7.1377e-01 -1.6098e+00 +6.8508e-01 -2.1725e+00 +1.0108e+00
63 +3.106937809e+01 +3.106937809e+01 +7.098937809e+01 +7.098937809e+01 +2.3678e+00 +2.6909e+00 +2.1707e+00 -8.3720e-02 -2.3802e+00 -6.8806e-02 +9.1946e-01 -8.4238e-01 +3.7978e+00 +3.5701e-01 -1.4876e+00 +3.9904e-01 -5.1316e-01 -1.0174e+00 +2.9060e+00 -1.6393e+00 -2.3884e+00 -2.5332e+00 -1.9593e+00 +2.5147e+00
105 +2.292275707e+01 +2.292275707e+01 +6.284275707e+01 +6.284275707e+01 +3.4089e-01 +3.1036e+00 +2.5874e+00 -4.3523e-01 -2.2303e+00 -7.5536e-01 +6.6228e-01 -1.6064e+00 +3.4829e+00 +1.2992e+00 -2.1675e-01 +7.3020e-01 +2.1760e-01 +6.8402e-01 +2.4898e+00 -8.3642e-01 -2.1128e+00 +1.0176e+00 -1.8980e+00 +4.4055e-01
246 +1.584191091e+01 +1.584191091e+01 +5.576191091e+01 +5.576191091e+01 +2.1329e+00 +2.9426e+00 +2.6975e+00 -2.4530e-01 -3.0707e+00 -5.8398e-01 +5.8376e-01 -1.4302e+00 +3.4246e+00 +1.2163e+00 -4.1650e-01 +8.6302e-01 +2.6919e-01 +9.7677e-02 +2.1739e+00 -7.8871e-01 -2.0582e+00 +2.9936e-01 -1.7505e-01 +6.9633e-01
% function evaluation | noise-free fitness - Fopt (-5.661000000000e+01) | best noise-free fitness - Fopt | measured fitness | best measured fitness | x1 | x2...
1 +2.051699338e+02 +2.051699338e+02 +1.485599338e+02 +1.485599338e+02 -2.8098e+00 -3.3441e+00 +1.4054e-01 +2.0033e+00 -3.1866e+00 +4.7057e+00 -2.7441e+00 +4.0069e+00 +3.7544e+00 +1.1901e+00 +3.9688e+00 +1.3581e+00 -2.4964e+00 +4.8546e+00 -1.2605e+00 +4.4375e+00 -2.8531e+00 -4.4443e+00 -1.1094e+00 +1.6136e+00
3 +1.546945857e+02 +1.546945857e+02 +9.808458571e+01 +9.808458571e+01 +1.4080e+00 -4.1248e+00 +4.5327e+00 -2.5280e+00 +3.4984e+00 +1.6971e+00 -4.4469e+00 -1.6813e+00 +3.0468e+00 -2.6058e+00 -3.0717e+00 +3.3901e+00 +4.1804e+00 -5.9471e-01 -4.2182e+00 +1.2986e+00 -3.5894e-01 -2.1012e+00 +2.5077e-01 -3.1964e-01
5 +8.142872210e+01 +8.142872210e+01 +2.481872210e+01 +2.481872210e+01 +2.1413e+00 -1.2701e+00 +3.1562e+00 -2.3880e+00 +3.7185e+00 +3.3032e+00 +3.9128e+00 -4.2013e+00 -2.8360e+00 +3.1731e+00 +1.1928e+00 -5.3212e-01 +6.3675e-01 -9.4282e-01 -2.5993e-01 -3.7133e+00 -3.1979e+00 +3.7220e+00 -1.1316e+00 -3.4179e+00
19 +6.255792485e+01 +6.255792485e+01 +5.947924847e+00 +5.947924847e+00 -4.0588e+00 +4.0011e+00 +3.9169e+00 +3.4575e-01 -4.2757e+00 -2.5111e+00 +4.2289e+00 -1.3509e+00 -2.0894e+00 -3.0140e-01 -1.5716e+00 -1.7322e+00 -1.5694e+00 +2.6575e+00 -4.1566e+00 +4.5488e-01 +7.0621e-01 +3.9841e+00 +2.5115e+00 +2.3528e+00
51 +3.042880729e+01 +3.042880729e+01 -2.618119271e+01 -2.618119271e+01 -1.0206e+00 -7.3572e-01 +2.4134e+00 -2.3262e+00 +3.2850e-01 -3.2474e+00 -5.7302e-01 -2.7925e+00 -3.9916e-01 +1.9629e+00 +3.9468e-01 -1.0944e+00 +4.9082e+00 -3.9345e+00 -4.2369e-01 -4.5766e-02 +1.0021e+00 +1.9590e+00 -5.4012e-01 +7.4652e-01
111 +2.491688625e+01 +2.491688625e+01 -3.169311375e+01 -3.169311375e+01 -4.1855e+00 +4.3455e+00 +2.3621e+00 +6.1486e-01 -2.0793e+00 +6.0473e-01 +8.4458e-01 +2.5022e+00 -1.9907e-01 +3.9334e+00 -4.1127e+00 -2.1272e+00 +2.3832e+00 -1.7211e+00 -4.1130e-01 +3.2313e+00 +1.8480e+00 +4.3415e+00 -2.7336e+00 +2.3754e+00
% function evaluation | noise-free fitness - Fopt (7.833000000000e+01) | best noise-free fitness - Fopt | measured fitness | best measured fitness | x1 | x2...
1 +1.924371039e+02 +1.924371039e+02 +2.707671039e+02 +2.707671039e+02 +2.0832e+00 +2.3458e+00 -4.8599e+00 +3.7646e+00 -1.1671e+00 -3.1951e+00 +1.5182e+00 +4.0518e+00 -4.8110e+00 -2.1688e+00 +4.2665e+00 -1.8970e+00 +3.2160e+00 +4.5399e+00 +3.3711e+00 +2.3950e+00 +9.0928e-01 +1.6282e+00 +1.6887e+00 -2.6409e+00
3 +9.639628850e+01 +9.639628850e+01 +1.747262885e+02 +1.747262885e+02 +1.7178e+00 -7.4119e-01 +2.4115e+00 -2.2112e+00 -3.6031e+00 -2.2478e-01 -4.7972e+00 -3.5310e+00 -1.2131e+00 -3.8466e-01 +3.7112e-01 -1.7594e+00 +3.1741e+00 -2.5549e+00 -4.3885e-01 -9.6512e-01 +4.5044e+00 +1.2151e+00 +4.5214e+00 +4.8454e+00
26 +5.413112246e+01 +5.413112246e+01 +1.324611225e+02 +1.324611225e+02 +4.3561e+00 +5.5351e-01 -4.0435e+00 -3.4220e+00 +2.8750e+00 +2.9720e+00 -3.0563e+00 -4.0558e-01 -6.5932e-02 -3.0783e+00 +1.2825e+00 +2.5900e+00 -2.9975e+00 +4.1392e+00 -1.7584e+00 +4.7527e+00 +4.2468e+00 +3.7880e-01 +2.0258e+00 +4.9859e+00
84 +3.608870853e+01 +3.608870853e+01 +1.144187085e+02 +1.144187085e+02 +1.8695e+00 +1.0214e+00 -1.3790e+00 -1.7016e+00 +2.9884e+00 +1.5194e+00 +2.8455e-01 -1.2480e+00 +6.0694e-01 -1.9069e+00 -5.7536e-01 -5.7429e-01 -2.9765e+00 +3.0440e-01 -1.0572e+00 +4.6110e+00 +1.6314e+00 +7.1852e-02 +1.7248e+00 +2.2554e+00
138 +2.478914322e+01 +2.478914322e+01 +1.031191432e+02 +1.031191432e+02 +2.2916e+00 +7.9348e-01 -2.3025e+00 -3.1612e+00 +2.9037e+00 +2.4557e+00 -1.2473e+00 -1.3981e+00 +2.3929e-01 -3.7919e+00 -7.7465e-01 -6.6353e-01 -2.3567e+00 +3.5387e+00 -1.9444e+00 +1.6227e+00 +8.0767e-02 +5.2201e-01 +2.9725e+00 +4.8753e+00
161 +1.487124928e+01 +1.487124928e+01 +9.320124928e+01 +9.320124928e+01 +2.5763e+00 +1.0560e+00 -8.8846e-01 -7.5890e-01 +2.9755e+00 +2.4056e+00 -1.2610e+00 -1.3610e+00 +7.3099e-01 -3.4869e+00 -2.0723e-01 +6.7936e-01 -2.9736e+00 +2.7393e+00 -1.4811e+00 +1.9969e+00 +5.6208e-01 -6.7809e-04 +2.2843e+00 +2.6846e+00
% function evaluation | noise-free fitness - Fopt (1.599300000000e+02) | best noise-free fitness - Fopt | measured fitness | best measured fitness | x1 | x2...
1 +1.697199836e+02 +1.697199836e+02 +3.296499836e+02 +3.296499836e+02 +2.0458e+00 +1.5680e+00 -4.7395e+00 +4.3000e+00 -1.4422e-01 -8.3289e-01 +1.2976e+00 +7.5967e-01 -3.9124e+00 +1.6587e+00 +1.6419e-01 +2.9023e-01 -4.7154e+00 +2.2101e-01 -2.9347e+00 -2.9383e+00 +1.8870e+00 -1.3807e+00 -9.9334e-01 -3.5435e+00
3 +1.163650953e+02 +1.163650953e+02 +2.762950953e+02 +2.762950953e+02 -1.8416e+00 +1.2299e+00 -3.2327e-01 -4.5368e+00 -3.6195e+00 +2.4680e+00 +3.3269e+00 +2.1182e-01 +4.0847e+00 -3.0281e+00 +1.1779e+00 +1.3410e+00 +2.7291e+00 -1.9811e+00 -2.2795e+00 +4.9845e-01 +2.1726e+00 +4.8318e+00 +2.2147e+00 +4.4442e+00
6 +6.503856522e+01 +6.503856522e+01 +2.249685652e+02 +2.249685652e+02 -1.7519e+00 -1.0178e+00 -4.9685e+00 -4.0480e+00 -5.4649e-02 -1.3417e+00 -6.1871e-01 -2.2676e+00 +7.2153e-01 -1.5161e+00 -1.0661e+00 -4.5829e+00 -2.4123e-01 -1.3229e+00 +3.6429e+00 +3.0975e+00 +1.1779e+00 -1.8558e+00 -2.4853e+00 -8.3338e-01
48 +6.209849877e+01 +6.209849877e+01 +2.220284988e+02 +2.220284988e+02 +2.1732e+00 -1.0648e+00 -1.7179e+00 -4.8146e-01 +2.0267e+00 +8.1377e-01 -9.0269e-01 -1.9329e+00 -1.7803e+00 +3.7355e-01 -1.1073e+00 -1.1876e+00 +2.5928e+00 +2.0929e+00 +3.4618e+00 +3.1309e+00 -2.7754e+00 -2.0723e+00 -8.1456e-01 -8.3008e-01
109 +3.855300262e+01 +3.855300262e+01 +1.984830026e+02 +1.984830026e+02 -1.0132e+00 -1.0193e+00 -2.1909e+00 -3.0052e+00 -5.3240e-02 +6.3739e-01 +2.3452e+00 -9.4094e-01 +1.6151e+00 -1.1987e+00 +1.1752e+00 -3.1733e+00 -4.1665e-01 -8.9693e-01 +3.8590e+00 +3.5094e+00 +1.0545e+00 -2.1758e+00 +1.4559e+00 -2.1612e+00
225 +2.477068644e+01 +2.477068644e+01 +1.847006864e+02 +1.847006864e+02 -5.7614e-01 -8.3093e-01 -9.3263e-01 -1.7234e+00 +8.0062e-01 -1.0601e+00 +2.7649e+00 -2.1101e-01 +2.0374e+00 -1.4110e+00 +7.1334e-01 +1.5822e-01 -9.1656e-01 +5.5987e-01 +3.6133e+00 +1.6215e+00 +2.8451e+00 -2.4924e+00 +2.1403e+00 -1.5418e+00
% function evaluation | noise-free fitness - Fopt (-2.463500000000e+02) | best noise-free fitness - Fopt | measured fitness | best measured fitness | x1 | x2...
1 +1.382171123e+02 +1.382171123e+02 -1.081328877e+02 -1.081328877e+02 -4.8292e+00 -1.9534e-01 +9.3401e-01 -4.5212e+00 -1.7052e+00 -1.4150e+00 -1.7757e+00 +1.9858e+00 -2.5771e+00 +9.1461e-01 -4.0524e+00 +4.4657e+00 -2.9020e+00 -4.1820e+00 +4.8962e+00 -2.5278e+00 -1.9681e+00 -4.5791e+00 -3.5065e+00 -2.9208e+00
15 +7.201844181e+01 +7.201844181e+01 -1.743315582e+02 -1.743315582e+02 +2.9770e+00 +6.7108e-01 -3.6683e-01 -4.8328e+00 +3.6015e+00 -2.5070e+00 +1.8964e+00 -5.2779e-01 +8.7086e-01 +7.1324e-01 -3.2094e+00 +2.6628e+00 +2.0548e+00 -2.4280e+00 -2.6634e-01 +2.7304e+00 -6.0551e-01 +1.3513e+00 +4.3091e+00 +5.7224e-01
17 +5.008728152e+01 +5.008728152e+01 -1.962627185e+02 -1.962627185e+02 -2.5034e+00 +3.9181e+00 -4.6739e+00 -5.2653e-01 -3.6162e+00 +3.9144e+00 +3.3722e+00 -8.5472e-02 -3.6395e+00 +2.3225e+00 -1.5702e+00 -4.8937e+00 -1.8761e+00 +2.9883e+00 -1.8913e+00 -9.1689e-01 +1.7865e+00 -1.9458e+00 +4.8361e+00 -4.0079e-01
22 +3.817833584e+01 +3.817833584e+01 -2.081716642e+02 -2.081716642e+02 +1.0022e+00 -3.1017e-01 +1.8494e+00 -3.6826e+00 -2.4862e+00 +4.0197e+00 +2.7761e+00 +1.3947e+00 +1.8046e+00 +5.1741e-01 -2.7888e+00 +1.1715e+00 +2.7650e+00 +2.1219e+00 -3.0442e+00 -4.4675e+00 +2.8943e+00 +3.6870e+00 +4.4556e+00 +5.6225e-01
52 +2.178587262e+01 +2.178587262e+01 -2.245641274e+02 -2.245641274e+02 +3.7642e+00 +4.0502e+00 +3.5019e-01 -3.4616e+00 -2.5260e+00 +3.6937e+00 +1.7984e+00 +6.0986e-01 +3.1718e+00 +6.5446e-01 -2.6645e+00 +5.2833e-01 +6.5851e-01 +3.7205e+00 -1.6677e+00 -4.0451e+00 +1.5208e+00 -4.7652e-01 +4.4716e+00 +1.8741e+00
123 +1.317644188e+01 +1.317644188e+01 -2.331735581e+02 -2.331735581e+02 +1.8859e+00 +1.9154e-01 -1.1095e+00 -3.4704e+00 -2.4795e+00 +4.1971e+00 +2.0542e+00 +1.0363e+00 +1.8817e+00 -1.6164e+00 -2.6967e+00 +6.9487e-01 +2.1621e+00 +1.8130e+00 -1.6342e+00 +1.0660e+00 -1.9811e-01 +1.8362e+00 +4.2039e+00 -1.2985e-02
% function evaluation | noise-free fitness - Fopt (-1.880000000000e+01) | best noise-free fitness - Fopt | measured fitness | best measured fitness | x1 | x2...
1 +2.306810809e+02 +2.306810809e+02 +2.118810809e+02 +2.118810809e+02 -3.4874e+00 -2.0697e-02 -1.9561e+00 -3.7743e+00 -4.7208e+00 +2.2483e+00 -4.9642e+00 +4.0371e+00 +4.1220e+00 -4.2542e+00 +3.9258e+00 +3.2773e+00 +3.9911e+00 -1.7630e+00 -4.1759e+00 +4.9319e+00 -4.1856e+00 +2.5043e+00 -3.5324e+00 +2.0389e+00
2 +8.295688242e+01 +8.295688242e+01 +6.415688242e+01 +6.415688242e+01 -1.4575e+00 -4.2163e+00 -7.4484e-01 +9.8497e-01 +1.5075e+00 +3.7263e-01 +3.1351e+00 +3.4215e+00 -1.3784e+00 -1.4573e+00 +2.7699e+00 +1.6297e+00 +1.3295e+00 -9.7650e-01 +2.2266e+00 +1.5955e+00 +1.9535e-01 -3.1198e-02 -1.6213e-01 -2.1557e+00
11 +6.234032251e+01 +6.234032251e+01 +4.354032251e+01 +4.354032251e+01 +6.8652e-01 +3.0628e+00 -1.3213e+00 +7.8012e-01 -4.5655e+00 -4.4755e+00 +2.0772e-01 -1.6339e+00 -1.3625e+00 -4.2696e+00 -1.1875e+00 +2.2777e+00 -2.9758e+00 -1.9250e+00 -1.6163e+00 +4.4050e+00 +4.4587e+00 +4.2658e+00 +1.0149e+00 -1.1666e+00
32 +3.575395559e+01 +3.575395559e+01 +1.695395559e+01 +1.695395559e+01 +4.2358e+00 -2.3078e+00 -4.3467e+00 +1.8990e-01 +3.6804e-01 -4.4914e+00 -8.3463e-01 +2.7761e+00 -4.1742e+00 +4.8774e-01 +4.5178e+00 -3.8749e+00 -1.8491e+00 -3.9758e+00 +3.9367e+00 -2.4120e+00 +2.9123e+00 +4.3667e-01 +3.6324e+00 +1.8050e+00
62 +2.003312378e+01 +2.003312378e+01 +1.233123776e+00 +1.233123776e+00 -2.0625e+00 -2.1602e+00 -2.0182e+00 -2.1413e+00 -1.2580e+00 -2.6682e+00 -3.4455e+00 +1.7952e+00 -2.6424e+00 -6.7102e-01 -2.0233e+00 -1.2264e+00 -2.9454e+00 -4.0291e+00 +3.9333e+00 -1.7692e+00 +4.1610e+00 +1.3092e-01 +1.9904e+00 +1.8730e-02
113 +1.564071404e+01 +1.564071404e+01 -3.159285957e+00 -3.159285957e+00 -2.6667e+00 -2.8890e+00 +9.0846e-01 -7.6971e-01 -3.5161e-01 -2.7701e+00 -8.9030e-01 +2.0052e+00 -2.7896e+00 -6.8174e-01 +2.2802e-01 -2.5521e+00 -3.0386e+00 -3.5437e+00 +3.5994e+00 -1.7407e+00 +4.2334e+00 -7.2834e-01 +2.1267e+00 -1.8805e-01
% function evaluation | noise-free fitness - Fopt (2.957000000000e+01) | best noise-free fitness - Fopt | measured fitness | best measured fitness | x1 | x2...
1 +1.080872078e+02 +1.080872078e+02 +1.376572078e+02 +1.376572078e+02 +3.0295e+00 +1.1620e+00 +3.8515e+00 -4.3659e+00 -5.5226e-01 -4.5358e+00 +4.3332e+00 -2.7773e+00 +3.9271e+00 +1.3349e+00 -1.6199e+00 +2.2753e+00 -5.4064e-01 -3.4149e-02 -4.5403e+00 -4.6565e-01 -3.0779e+00 -2.4819e+00 -4.1686e+00 +6.3490e-01
14 +9.228088789e+01 +9.228088789e+01 +1.218508879e+02 +1.218508879e+02 -8.4648e-02 -2.7891e-01 -2.5294e+00 -2.6117e+00 -3.0335e+00 -3.7100e+00 +1.9454e+00 -3.2276e+00 +2.6915e+00 -1.3656e+00 -3.8255e+00 -3.6398e+00 +2.9467e+00 -4.4502e+00 +2.4243e-01 +1.5281e+00 +8.0697e-02 +3.8934e+00 +4.2076e+00 -6.6226e-01
41 +3.079305582e+01 +3.079305582e+01 +6.036305582e+01 +6.036305582e+01 +1.3663e+00 +1.2178e+00 +1.8394e+00 -2.4851e+00 -5.5722e-01 -4.4760e+00 -2.4874e-01 -5.6467e-01 +3.6272e+00 +8.0767e-01 +1.2482e+00 +1.8487e+00 -2.6301e-01 -1.6094e+00 +3.6784e+00 -1.4283e+00 -3.1729e+00 -2.4538e+00 -4.1673e+00 -3.2758e+00
106 +2.443594591e+01 +2.443594591e+01 +5.400594591e+01 +5.400594591e+01 +5.3638e-01 +1.5917e+00 +1.8329e+00 -1.8528e+00 -9.0882e-01 -2.6603e+00 -1.2363e+00 -2.2190e-01 +3.1290e+00 +7.9627e-01 +1.9289e+00 +1.7331e+00 -1.7461e-01 -6.9306e-01 +3.7303e+00 -1.5226e+00 -2.0918e+00 -2.4201e+00 -3.4191e+00 -2.9078e+00
% function evaluation | noise-free fitness - Fopt (-5.425800000000e+02) | best noise-free fitness - Fopt | measured fitness | best measured fitness | x1 | x2...
1 +1.283594115e+02 +1.283594115e+02 -4.142205885e+02 -4.142205885e+02 -1.2081e+00 -3.3784e+00 +2.4103e+00 -1.6976e+00 +4.7336e+00 -1.0510e+00 -4.8250e+00 -2.2191e+00 +4.3379e-02 -1.7725e+00 +1.4538e+00 -2.5286e+00 +4.8354e+00 +8.4214e-01 -1.5606e+00 +3.7066e+00 -4.6541e+00 -3.5551e+00 -2.2255e-02 -1.0120e+00
7 +4.970542087e+01 +4.970542087e+01 -4.928745791e+02 -4.928745791e+02 -5.5462e-01 -2.3491e+00 +2.6124e+00 -2.1931e-01 +2.3982e+00 -1.9054e+00 +2.0167e-01 -7.3008e-01 -1.1450e+00 +1.8585e+00 +4.4812e+00 +3.1756e+00 -3.7989e+00 -3.5301e+00 -1.6634e+00 -3.4864e+00 +9.2065e-01 -2.4718e+00 +3.8754e+00 +2.6176e+00
49 +1.958220648e+01 +1.958220648e+01 -5.229977935e+02 -5.229977935e+02 +6.2655e-01 -7.2791e-01 +3.1576e+00 -1.6600e+00 +2.2751e+00 +2.5229e+00 +1.6759e+00 -2.4537e+00 +8.5122e-01 +1.5394e+00 +4.2870e+00 +3.1470e+00 -9.6702e-01 -1.3567e+00 -1.6326e+00 +4.5590e-01 +6.0485e-01 -3.0419e+00 +4.1043e-01 -2.0639e+00
90 +1.259910638e+01 +1.259910638e+01 -5.299808936e+02 -5.299808936e+02 -1.7459e-01 -6.3023e-01 +3.1608e-01 -1.4423e+00 +2.3589e+00 -5.6103e-01 +1.4096e+00 -2.2897e+00 +4.5422e-01 +2.8189e+00 +3.6689e+00 +3.2067e+00 -1.3983e+00 -1.6732e+00 +5.6647e-01 -1.8458e+00 -7.4778e-02 -2.8492e+00 -1.3668e+00 +1.0347e+00
183 +8.966021593e+00 +8.966021593e+00 -5.336139784e+02 -5.336139784e+02 -1.2318e-01 -7.4041e-01 +2.2530e+00 -1.3907e+00 +2.2049e+00 -1.5473e+00 +1.4155e+00 -2.1797e+00 +4.4646e-01 +3.0464e+00 +3.7751e+00 +3.1925e+00 -1.5952e+00 -2.0786e+00 +5.4189e-01 -1.5955e+00 +9.1797e-01 -2.9227e+00 -1.3157e+00 -1.4236e+00
% function evaluation | noise-free fitness - Fopt (-1.658600000000e+02) | best noise-free fitness - Fopt | measured fitness | best measured fitness | x1 | x2...
1 +1.545799881e+02 +1.545799881e+02 -1.128001189e+01 -1.128001189e+01 -1.9840e+00 +1.7263e+00 -1.7749e+00 -2.7349e+00 +3.4555e+00 +4.0960e+00 -3.3395e+00 -3.5226e+00 +3.2832e+00 +7.9839e-01 +4.6374e+00 +5.4523e-01 -1.6475e+00 +3.9545e+00 +1.8586e-01 +3.6672e+00 -3.8780e+00 -1.0076e+00 -4.3018e+00 -2.6248e+00
3 +9.883139548e+01 +9.883139548e+01 -6.702860452e+01 -6.702860452e+01 -1.9930e+00 -2.5685e+00 +1.8152e-01 -3.4439e+00 +1.2724e+00 +2.4973e+00 +9.0547e-01 -2.5706e+00 -2.7284e+00 -5.4240e-01 +1.5718e+00 +1.2001e+00 -4.5517e+00 +2.2686e+00 +1.4764e+00 +1.0258e+00 -4.6723e+00 -3.7106e+00 +4.2858e+00 +1.7997e+00
5 +5.855449148e+01 +5.855449148e+01 -1.073055085e+02 -1.073055085e+02 -3.4846e+00 +4.4044e+00 -2.5301e+00 -3.1511e+00 -1.0324e+00 -3.7905e+00 -1.6375e+00 +4.1766e+00 -1.2886e-01 +4.9994e+00 +3.6511e+00 +4.8953e+00 -5.0329e-01 +8.9550e-01 -2.2279e-01 +8.6115e-01 +3.3701e+00 -3.1242e+00 +2.9457e+00 -7.5474e-01
43 +2.314089434e+01 +2.314089434e+01 -1.427191057e+02 -1.427191057e+02 -1.4039e+00 +3.0238e+00 -9.8361e-01 -3.9294e+00 +1.0923e+00 +3.2153e+00 +1.1967e+00 +6.7911e-01 +2.3041e+00 -4.0266e-01 +3.6467e+00 +2.3071e+00 -1.9401e-01 -3.0024e-02 +1.7691e+00 +1.0210e+00 +1.2336e+00 -2.5831e+00 +4.1592e+00 +9.9367e-01
101 +1.293274502e+01 +1.293274502e+01 -1.529272550e+02 -1.529272550e+02 +3.0469e-01 +3.5071e+00 -1.9083e+00 -1.4195e+00 +2.0442e+00 +1.4006e+00 +1.6628e+00 +4.3338e-01 +4.4499e-01 -1.8269e+00 +2.7017e+00 -3.5659e-01 -1.1263e-01 -6.0793e-01 +1.6653e+00 -1.2588e+00 +6.1072e-01 +1.0486e+00 +3.3878e+00 -5.8649e-01
945 +9.993391519e+00 +9.993391519e+00 -1.558666085e+02 -1.558666085e+02 +9.0137e-01 +2.4962e+00 -2.5995e+00 -1.7328e+00 +1.9604e+00 +1.6329e+00 +1.9570e+00 +1.4504e+00 +4.9695e-01 -1.7738e+00 +2.7252e+00 -7.1533e-01 +1.0172e-01 -6.8340e-01 +1.7089e+00 -2.0685e+00 +7.3013e-01 +9.8216e-01 +2.6170e+00 -1.2140e-01
% function evaluation | noise-free fitness - Fopt (8.674000000000e+01) | best noise-free fitness - Fopt | measured fitness | best measured fitness | x1 | x2...
1 +1.622285922e+02 +1.622285922e+02 +2.489685922e+02 +2.489685922e+02 -3.2402e+00 -4.0801e+00 +1.0690e+00 +2.3026e+00 +1.7985e+00 -3.8082e+00 +2.6043e+00 +3.9515e+00 +4.2669e+00 -1.2197e+00 +2.4507e+00 +3.6792e+00 -2.8058e+00 -3.9207e+00 -4.5202e+00 -1.2164e+00 +4.4401e+00 +3.1158e+00 +7.9965e-01 +1.2376e+00
2 +4.071814037e+01 +4.071814037e+01 +1.274581404e+02 +1.274581404e+02 -4.5742e+00 -5.2781e-02 +2.2124e+00 -2.2841e-02 -4.9863e+00 +3.2079e+00 +3.6513e-01 +2.8292e+00 -4.0180e+00 +6.9993e-01 +1.3310e+00 -7.9150e-01 -5.7530e-01 +9.4917e-01 +1.6998e+00 +2.7668e-01 -1.0930e+00 +7.8732e-01 -2.8593e-01 -8.7584e-01
46 +3.442427025e+01 +3.442427025e+01 +1.211642703e+02 +1.211642703e+02 -1.5365e+00 -1.3999e+00 +1.8512e+00 +2.5379e+00 -3.9761e+00 -2.1388e-01 -7.1641e-01 +2.5354e+00 -3.8400e+00 +9.6707e-02 +2.1524e+00 -7.5401e-01 -5.5711e-01 +4.7135e-01 +1.1439e+00 +3.4598e-01 -5.7450e-01 -1.5373e+00 -6.6433e-01 -3.0609e+00
84 +2.222190538e+01 +2.222190538e+01 +1.089619054e+02 +1.089619054e+02 -3.6380e+00 -6.5511e-01 +2.7481e+00 -1.3445e+00 -2.8688e+00 +2.6544e+00 +6.0275e-02 +2.9289e-01 -2.6394e+00 +1.6502e+00 +1.4381e+00 -1.3136e-01 -8.4993e-01 +6.5327e-01 +2.0022e+00 -1.0995e+00 -3.4645e-01 +6.6084e-02 -3.1241e+00 -1.5969e-01
188 +1.554181556e+01 +1.554181556e+01 +1.022818156e+02 +1.022818156e+02 -4.4602e+00 +1.6750e+00 +3.5992e+00 +2.7259e-01 -3.7199e-01 +7.6097e-01 +1.8599e+00 +2.1258e+00 -1.1610e+00 -1.7886e+00 +1.8499e+00 -1.5223e+00 +8.1054e-01 +8.0308e-01 +4.0829e-01 -1.4169e+00 -4.5861e-01 -8.6451e-01 -2.0550e+00 +2.0930e+00
% function evaluation | noise-free fitness - Fopt (1.301300000000e+02) | best noise-free fitness - Fopt | measured fitness | best measured fitness | x1 | x2...
1 +4.928959420e+01 +4.928959420e+01 +1.794195942e+02 +1.794195942e+02 +4.3324e+00 +4.7284e+00 +1.5613e+00 +3.4975e+00 +4.6233e+00 -1.6001e+00 -1.2111e+00 +4.5336e+00 -1.3781e+00 -4.5993e+00 -2.0462e+00 -2.0666e+00 -3.7702e+00 +7.1192e-01 +1.5091e+00 +4.2952e+00 -2.5474e-01 -2.8538e+00 +4.6723e+00 -1.5403e+00
42 +3.369640506e+01 +3.369640506e+01 +1.638264051e+02 +1.638264051e+02 +1.6687e+00 +4.0444e+00 -1.5541e+00 -1.6917e-01 +4.2727e+00 -3.8063e+00 -1.2067e+00 -2.1868e-01 -9.2410e-01 +3.9589e-01 -2.0626e+00 -2.1693e+00 -2.2604e+00 +1.5027e-02 +1.6676e+00 +3.7140e+00 +3.4369e-01 -2.6345e+00 -1.6538e+00 -9.8444e-01
94 +2.450712861e+01 +2.450712861e+01 +1.546371286e+02 +1.546371286e+02 +2.0901e+00 +4.1277e+00 -3.3468e-01 +2.4702e+00 +4.5354e+00 -3.3226e+00 -1.1090e+00 +8.5773e-01 -3.0014e+00 +3.1407e-01 -1.3459e+00 -1.5309e+00 -2.2754e+00 -1.9839e-02 +1.7887e+00 -2.4613e+00 +6.0126e-01 -1.1722e+00 -6.1508e-01 -1.4566e+00
212 +1.494649301e+01 +1.494649301e+01 +1.450764930e+02 +1.450764930e+02 +1.5468e+00 +2.2813e+00 -1.6809e+00 +5.5657e-01 +2.5580e+00 -2.7883e+00 -2.9728e-01 +7.7679e-01 -5.4656e-01 -1.5611e-01 -3.4397e+00 -2.7637e+00 -2.9811e+00 +1.6434e-01 +7.0232e-01 +1.6707e+00 +1.7507e-01 -2.1229e+00 +7.3548e-01 -9.4681e-01
% function evaluation | noise-free fitness - Fopt (-1.204000000000e+02) | best noise-free fitness - Fopt | measured fitness | best measured fitness | x1 | x2...
1 +2.679287769e+02 +2.679287769e+02 +1.475287769e+02 +1.475287769e+02 -1.4050e+00 -4.6843e-01 -6.1996e-01 -5.4661e-01 +1.7258e+00 -1.9243e+00 -4.2088e+00 -4.9106e+00 +2.9336e+00 +4.9520e+00 +1.0446e+00 +7.9155e-01 +4.4657e+00 +4.6254e+00 +2.3925e+00 -5.4473e-01 +3.6920e+00 +1.8515e+00 +1.5307e+00 +7.5922e-01
2 +9.402170175e+01 +9.402170175e+01 -2.637829825e+01 -2.637829825e+01 -8.2687e-01 -8.5747e-01 -7.5587e-02 -2.9311e+00 -3.7015e+00 +5.8043e-01 +2.8304e-01 +1.5031e+00 +1.0850e+00 +3.9974e+00 +2.6000e+00 -4.7678e-01 -1.0489e+00 +4.9576e+00 -2.2294e+00 +1.3395e+00 +3.0192e+00 +1.3432e+00 +6.0440e-01 +1.3527e+00
36 +6.145196008e+01 +6.145196008e+01 -5.894803992e+01 -5.894803992e+01 -2.8572e+00 +1.4145e+00 +4.8322e+00 +4.7300e+00 -3.3440e+00 -2.0520e+00 +3.7602e+00 +3.3493e+00 +2.1135e+00 -4.8411e+00 +1.9415e+00 +1.3547e+00 -2.0061e+00 +4.9272e+00 -1.3805e+00 +9.8783e-01 -1.4795e+00 -6.2718e-01 +2.3304e+00 +1.9385e-01
42 +3.545394100e+01 +3.545394100e+01 -8.494605900e+01 -8.494605900e+01 -1.9667e+00 +4.0064e-01 +4.0412e+00 +1.5031e+00 -3.5866e+00 -1.7245e-01 +2.6256e+00 +1.9056e+00 +1.3382e+00 +1.5764e+00 +2.5152e+00 +4.0315e-01 -1.2251e+00 +4.9287e+00 -2.1671e+00 +1.2488e+00 +1.5096e+00 +6.9480e-01 +1.5216e+00 +2.7155e-01
133 +2.410284322e+01 +2.410284322e+01 -9.629715678e+01 -9.629715678e+01 -2.3076e+00 +6.6943e-01 +3.7480e+00 +9.3901e-01 -1.0225e+00 -7.0232e-01 +2.0556e+00 +2.4564e+00 -1.1537e+00 +4.2432e-01 +2.1842e+00 -1.1167e+00 -1.0642e+00 +2.0938e+00 -1.6798e+00 +1.6932e+00 +1.0118e-01 +6.0257e-01 +1.5114e+00 +4.1900e-01
