% function evaluation | noise-free fitness - Fopt (1.238300000000e+02) | best noise-free fitness - Fopt | measured fitness | best measured fitness | x1 | x2...
1 +3.813261444e+05 +3.813261444e+05 +3.814499744e+05 +3.814499744e+05 -4.8510e+00 -2.3554e+00 +2.2281e+00 +3.6014e+00 +1.2245e-01 +2.2419e+00 +3.0732e+00 +4.7760e+00 +3.1167e+00 -1.4424e+00 +1.8779e+00 +4.9843e+00 -1.1197e+00 -1.4112e+00 +1.0449e+00 -2.7882e+00 +5.0314e-01 -1.3775e+00 -4.2470e+00 +4.1293e+00
7 +2.361781066e+05 +2.361781066e+05 +2.363019366e+05 +2.363019366e+05 +3.6249e+00 +2.0990e+00 +4.2059e+00 +1.6905e+00 -7.0208e-01 +1.4847e+00 +1.5698e+00 +4.3265e-01 +3.7692e+00 -4.7103e+00 -4.7625e+00 -7.6281e-01 -2.6074e+00 +1.0700e+00 +1.5449e+00 +2.9100e+00 -1.2608e+00 -4.6189e+00 +1.9528e+00 +5.1045e-01
49 +6.328498002e+04 +6.328498002e+04 +6.340881002e+04 +6.340881002e+04 +6.2984e-01 +2.6115e-01 -2.5219e-01 -1.1504e+00 -9.6341e-01 -1.0811e+00 -1.4592e+00 +1.4203e+00 +3.9148e+00 -6.0516e-01 -1.5329e+00 -1.6175e+00 -3.3961e+00 +4.9751e-02 -2.2829e+00 +1.7469e+00 -4.4531e+00 -1.2668e+00 +6.1991e-01 +1.7536e+00
64 +2.495020542e+04 +2.495020542e+04 +2.507403542e+04 +2.507403542e+04 -5.1440e-01 +2.4022e+00 -9.8599e-01 -3.8762e+00 -7.1742e-01 +6.1465e-01 -2.1714e-01 +1.4545e+00 +8.2415e-01 -1.1607e+00 +2.1769e+00 -1.5814e+00 -9.8004e-01 -1.6803e+00 -2.7128e+00 -2.0326e-01 -1.2344e+00 +1.9948e+00 -7.1088e-01 +5.9407e-01
122 +9.552104246e+03 +9.552104246e+03 +9.675934246e+03 +9.675934246e+03 +5.5492e-01 +1.4712e+00 -8.9880e-01 -7.6334e-01 -7.1042e-01 +3.9569e-01 -1.0378e+00 +2.1954e-01 +1.7001e+00 -6.4103e-01 -1.1738e-02 -1.5984e+00 -3.8874e-01 -1.2419e+00 -2.5287e+00 -2.2089e-01 -3.1594e+00 +1.8517e+00 -7.1084e-01 +6.4255e-01
313 +6.240131758e+03 +6.240131758e+03 +6.363961758e+03 +6.363961758e+03 -2.5912e-01 +1.6437e+00 -9.6842e-01 -1.1630e+00 -4.3190e-01 +1.1214e-01 -1.2892e-01 +4.6446e-01 +1.5522e+00 -9.9581e-01 +4.4001e-01 -1.6435e+00 +6.4414e-01 -9.3881e-01 -2.6076e+00 +1.1703e-01 -2.2855e+00 +1.8553e+00 -7.1025e-01 +6.2904e-01
% function evaluation | noise-free fitness - Fopt (4.751000000000e+01) | best noise-free fitness - Fopt | measured fitness | best measured fitness | x1 | x2...
1 +4.912307937e+05 +4.912307937e+05 +4.912783037e+05 +4.912783037e+05 -1.9592e+00 -4.9063e+00 +4.3286e+00 -1.8689e-01 -1.0058e+00 -1.8410e+00 +2.6927e+00 -2.7970e+00 +1.8534e+00 +4.0562e+00 -2.5045e+00 +3.9941e+00 -1.8798e+00 +5.0258e-01 -3.1506e+00 +4.6472e+00 -4.5926e+00 -3.6582e+00 +2.0965e+00 +7.2361e-01
3 +9.698819227e+04 +9.698819227e+04 +9.703570227e+04 +9.703570227e+04 -1.3516e-01 -3.3690e+00 +9.8995e-01 -1.9779e+00 -1.4784e-01 +2.8483e+00 -1.1391e+00 +3.4541e+00 +2.9710e+00 +2.8896e+00 +5.0351e-02 +4.5136e+00 -6.0113e-01 +2.6636e-01 +8.5169e-01 -8.6977e-01 +3.5440e+00 +2.5132e+00 +2.6000e+00 -2.9846e-01
41 +2.722917629e+04 +2.722917629e+04 +2.727668629e+04 +2.727668629e+04 +1.2312e+00 -2.7764e+00 +2.6055e-01 -1.8872e-01 +2.2753e+00 +9.7256e-01 +5.7200e-01 -3.2772e-01 -9.9864e-02 +2.4947e+00 -2.0208e+00 +2.6945e+00 +3.0201e-01 +9.6552e-02 -2.3522e+00 +3.6759e+00 -4.5825e-01 -4.8663e-01 +4.6005e-01 -2.7999e-01
90 +2.358606229e+04 +2.358606229e+04 +2.363357229e+04 +2.363357229e+04 +1.2312e+00 -2.7764e+00 +2.6055e-01 -1.8872e-01 +2.2753e+00 +9.7256e-01 +5.7200e-01 -3.2772e-01 -9.9864e-02 +1.8718e+00 -2.0208e+00 +2.6945e+00 +3.0201e-01 +9.6552e-02 -2.3522e+00 +3.6759e+00 -4.5825e-01 -4.8663e-01 +4.6005e-01 -2.7999e-01
125 +1.483774467e+04 +1.483774467e+04 +1.488525467e+04 +1.488525467e+04 +1.2940e+00 -2.0991e+00 -6.9998e-01 -8.4911e-01 +2.2015e+00 +1.8767e+00 +5.7117e-01 +1.0286e+00 -2.5097e-01 +1.7034e+00 -2.0528e+00 +1.7138e+00 +6.9647e-01 -9.6702e-01 -2.3424e+00 +3.5512e+00 -2.5348e-01 +3.0237e-01 +3.8422e-01 -2.0035e+00
139 +8.758233513e+03 +8.758233513e+03 +8.805743513e+03 +8.805743513e+03 -1.6750e+00 -4.2659e-01 +9.1471e-02 -1.1178e+00 +1.7645e+00 +1.7603e+00 +3.6719e-01 +1.7055e+00 -5.6432e-01 +7.4865e-01 -1.5682e+00 -8.8537e-02 +2.4132e+00 -1.3409e+00 -2.1070e+00 +2.8208e+00 +1.8377e-02 +6.2311e-01 +1.9638e-01 -7.5849e-01
206 +5.606830274e+03 +5.606830274e+03 +5.654340274e+03 +5.654340274e+03 -1.0456e+00 -4.4532e-01 +6.4926e-02 -1.1134e+00 +2.0135e+00 +1.8630e+00 +3.6826e-01 +6.8554e-01 -5.9732e-01 +7.0264e-01 -1.6223e+00 +8.3929e-03 +2.0307e+00 -1.3249e+00 -2.1231e+00 +2.7627e+00 +6.4190e-02 +6.7277e-01 +1.8135e-01 -1.2882e+00
1327 +3.767210293e+03 +3.767210293e+03 +3.814720293e+03 +3.814720293e+03 -6.6533e-01 -8.5498e-01 -7.5080e-01 -7.3993e-01 +2.0492e+00 +1.9946e+00 +5.2481e-01 -2.6902e-01 -6.1566e-01 +6.8960e-01 -1.9481e+00 +6.2043e-01 +6.2460e-01 -1.0567e+00 -1.9975e+00 +2.5933e+00 +1.1997e-01 +5.9945e-01 +1.1078e-01 -1.3366e+00
% function evaluation | noise-free fitness - Fopt (5.534000000000e+01) | best noise-free fitness - Fopt | measured fitness | best measured fitness | x1 | x2...
1 +3.234010910e+05 +3.234010910e+05 +3.234564310e+05 +3.234564310e+05 +6.1925e-02 -1.6231e+00 +2.5722e+00 +3.6557e+00 -4.3316e+00 +3.6528e+00 +2.5546e+00 +2.8535e+00 +4.0477e+00 -3.3271e-01 -1.7089e+00 +3.4519e+00 +2.6605e+00 -4.0326e+00 -1.1604e+00 -1.2589e+00 +5.0820e-01 +1.7708e+00 -5.9304e-01 -3.7269e+00
4 +1.560559603e+05 +1.560559603e+05 +1.561113003e+05 +1.561113003e+05 -2.3073e+00 -1.8075e-01 -4.0202e+00 +2.7632e+00 +1.4537e+00 +4.6739e+00 +1.4607e+00 -1.6867e+00 -5.6502e-01 +3.0684e+00 +3.9021e+00 +1.6183e+00 +2.5889e+00 +1.7515e-01 +1.5947e+00 -8.6724e-01 +4.5818e+00 -9.1394e-01 +6.9778e-01 -1.9940e+00
34 +6.165411793e+04 +6.165411793e+04 +6.170945793e+04 +6.170945793e+04 -3.2838e+00 -7.0197e-01 +1.5520e-01 +2.5413e+00 -2.8697e+00 -1.0219e+00 -1.1733e+00 +2.7655e+00 +1.2815e+00 +3.1687e+00 +4.4314e+00 +5.8076e-01 +8.2065e-01 -1.3101e+00 -8.7568e-01 +1.5398e+00 +2.0682e+00 +2.2984e+00 +1.5871e-01 -1.9276e+00
48 +3.158496640e+04 +3.158496640e+04 +3.164030640e+04 +3.164030640e+04 -1.8718e+00 -5.8961e-01 -3.5022e-01 +2.3296e+00 -2.3915e+00 -2.5360e+00 -1.4616e+00 -2.1160e+00 +1.9266e+00 +1.2306e+00 +3.4954e+00 +8.0534e-01 +1.0176e+00 -1.3353e+00 +9.4999e-01 +1.8977e-01 +2.0877e+00 +2.2816e+00 +1.4489e-01 -2.6273e+00
97 +1.999317319e+04 +1.999317319e+04 +2.004851319e+04 +2.004851319e+04 -3.0063e+00 -2.7229e-01 +1.3445e+00 +6.3790e-01 +4.5129e-02 +6.3998e-01 -1.5082e+00 +6.0336e-01 +1.3738e-01 +2.8599e+00 +3.3325e+00 +4.0292e-01 -1.0779e+00 -9.5740e-01 -9.0170e-01 -3.8359e-01 +1.4120e+00 -1.3895e+00 -2.5306e-01 -1.4822e+00
108 +1.565813726e+04 +1.565813726e+04 +1.571347726e+04 +1.571347726e+04 -2.2074e+00 -8.0935e-01 +1.8139e-01 +1.7248e+00 -2.2042e+00 +1.2044e+00 -2.1729e+00 +6.4177e-02 +6.4986e-01 +1.8592e+00 +4.2619e+00 +4.5909e-01 +8.1046e-01 -1.8119e+00 -1.1744e+00 -9.7934e-02 +1.1737e+00 +1.1169e+00 +2.8776e-01 -7.6004e-01
161 +9.836006025e+03 +9.836006025e+03 +9.891346025e+03 +9.891346025e+03 -1.9457e+00 -5.2591e-01 +2.5031e-01 -1.4804e-02 -2.6524e+00 -5.7349e-01 -1.8492e+00 +1.2015e+00 +1.2561e+00 -1.0809e-01 +3.2045e+00 +3.1830e-01 -9.4184e-01 -2.8444e-01 -2.1290e+00 +3.2438e-02 +6.6442e-01 -1.0795e-01 -5.1251e-01 -2.5815e-02
209 +5.769714895e+03 +5.769714895e+03 +5.825054895e+03 +5.825054895e+03 -1.9589e+00 -5.3130e-01 +1.7285e-01 -4.1404e-03 -2.6507e+00 -3.5386e-01 -1.7715e+00 +4.6834e-01 +1.3139e+00 +3.0953e-01 +3.2467e+00 +3.4398e-01 -1.0459e+00 +1.4905e-01 -7.7714e-01 -5.0764e-01 +7.7958e-01 +2.0431e-01 -4.9818e-01 -2.5397e-01
% function evaluation | noise-free fitness - Fopt (-9.033000000000e+01) | best noise-free fitness - Fopt | measured fitness | best measured fitness | x1 | x2...
1 +3.385467288e+05 +3.385467288e+05 +3.384563988e+05 +3.384563988e+05 -4.2303e+00 +3.2563e+00 -8.9696e-01 -1.1332e+00 +1.6261e+00 -7.1341e-01 -6.1205e-01 +4.9686e+00 +8.5401e-01 -4.2713e+00 +5.2139e-01 +4.9334e+00 +2.6296e+00 -1.5909e-02 +3.8144e+00 +9.4060e-01 -1.9572e+00 +1.0291e-01 -6.7602e-01 -4.8644e+00
3 +1.977095296e+05 +1.977095296e+05 +1.976191996e+05 +1.976191996e+05 +3.3796e+00 +2.7276e+00 -1.9980e+00 +1.7410e+00 +7.0122e-01 +2.6100e+00 +8.0584e-01 -2.7039e+00 -4.0602e+00 -1.9025e+00 -1.5744e+00 +4.7999e+00 -2.2385e+00 -1.1670e+00 +1.8430e+00 -1.4595e+00 -4.3919e+00 +1.6422e+00 -7.2816e-01 -4.1557e+00
27 +7.630457453e+04 +7.630457453e+04 +7.621424453e+04 +7.621424453e+04 -1.8939e+00 -6.7816e-01 -4.9938e+00 +5.1295e-02 -3.1314e+00 -1.0419e+00 -3.6793e+00 +2.3217e+00 -2.2007e+00 -5.3288e-01 -3.6685e+00 -2.5581e+00 +4.1182e+00 -7.5574e-01 -2.6994e+00 +9.8571e-01 -3.6035e+00 -2.7564e+00 +8.7979e-01 +1.5414e+00
43 +5.438870702e+04 +5.438870702e+04 +5.429837702e+04 +5.429837702e+04 -1.9957e-01 +1.3980e+00 -3.3695e+00 +5.2485e-01 -1.6558e+00 -9.4937e-01 -4.4323e-01 +3.0773e-01 -2.3815e+00 -9.9468e-01 -2.2347e+00 -1.0918e+00 -1.8053e+00 -9.4974e-01 -1.7804e+00 -3.8539e-02 -3.9754e+00 -2.5074e+00 -4.5144e-01 -2.8310e+00
50 +2.725490085e+04 +2.725490085e+04 +2.716457085e+04 +2.716457085e+04 -4.8502e-01 -7.2764e-01 -2.0860e+00 +1.8069e-01 -7.7721e-01 -2.2286e+00 -6.9340e-01 +1.6921e+00 -9.0101e-01 -6.3337e-01 -2.5514e+00 +2.3319e+00 -3.2559e+00 +1.1098e+00 +1.1231e-01 +9.6407e-01 -1.4141e+00 +1.1678e+00 -5.8209e-01 +1.6955e+00
64 +2.285224804e+04 +2.285224804e+04 +2.276191804e+04 +2.276191804e+04 -2.1542e-01 -7.3825e-01 -4.3160e+00 +2.5141e-02 -2.3277e+00 -1.1514e+00 -1.9429e+00 +2.3824e+00 -2.9262e+00 -4.6990e-01 -2.8364e+00 +7.5850e-02 +2.0997e+00 -2.0284e+00 -1.9101e+00 +1.9506e+00 -5.8019e-01 -8.6053e-02 +2.7871e+00 +1.6024e+00
174 +1.560802160e+04 +1.560802160e+04 +1.551769160e+04 +1.551769160e+04 -1.4380e+00 -1.1816e+00 -4.0757e+00 +4.5079e-01 -1.6286e+00 -7.9741e-01 -2.7215e+00 +2.3721e+00 -2.1696e+00 -1.7756e-01 -2.4666e+00 -1.3763e-01 +2.4359e+00 -1.4678e+00 -1.9905e+00 +2.2570e+00 -1.0312e+00 -8.9009e-02 +2.1932e+00 +1.6009e+00
893 +9.933831319e+03 +9.933831319e+03 +9.843501319e+03 +9.843501319e+03 -1.5989e+00 -7.8010e-01 -2.8772e+00 +4.3626e-01 -1.1692e+00 -1.2430e+00 -2.0696e+00 +2.3492e+00 -1.9950e+00 -2.0616e-01 -2.2256e+00 -3.9132e-01 +1.8708e+00 -1.4161e+00 -1.9661e+00 +1.6703e+00 -7.1610e-01 -2.1611e-01 +1.7282e+00 +1.2927e+00
% function evaluation | noise-free fitness - Fopt (6.561000000000e+01) | best noise-free fitness - Fopt | measured fitness | best measured fitness | x1 | x2...
1 +1.654220116e+05 +1.654220116e+05 +1.654876216e+05 +1.654876216e+05 +2.1719e+00 +1.1452e+00 +1.2191e+00 -7.4127e-01 +2.2337e+00 +7.8045e-02 -3.0665e+00 -4.4699e+00 +4.8796e+00 +2.1612e+00 +1.8539e-01 +1.1594e+00 +2.7376e+00 +1.5140e+00 +2.9044e+00 -3.1596e+00 +1.1001e+00 +2.6957e+00 -9.7518e-01 -2.8142e+00
25 +1.412947231e+05 +1.412947231e+05 +1.413603331e+05 +1.413603331e+05 +9.8284e-01 +4.6661e+00 +9.2206e-01 +3.8774e+00 -9.3761e-01 -1.6060e-02 -6.2755e-02 +2.2864e-01 +2.0088e-01 +2.8331e+00 +7.6627e-01 +1.8857e+00 -4.6325e+00 +1.6246e+00 -1.2961e+00 -4.5085e-01 +1.7894e-01 +3.3602e+00 +4.9342e-01 -4.9430e+00
44 +9.765485893e+04 +9.765485893e+04 +9.772046893e+04 +9.772046893e+04 -3.5909e+00 +2.2279e-02 -3.2890e+00 +2.7394e+00 -9.3900e-02 -2.9891e+00 -4.5345e-01 +2.7861e-02 -2.9073e+00 -2.2082e+00 -5.8894e-03 -2.1376e-01 +9.0589e-01 +1.9951e+00 -1.2435e+00 -2.2084e+00 -3.8717e+00 -3.6629e+00 -1.2816e+00 -1.1597e+00
45 +3.263231529e+04 +3.263231529e+04 +3.269792529e+04 +3.269792529e+04 -3.1878e+00 -1.5969e+00 -3.5813e+00 +1.5033e+00 -1.2757e-01 +1.3627e+00 -2.9219e-01 +9.6293e-01 +3.0390e+00 -1.6326e+00 +3.0143e+00 -1.2498e+00 -2.6242e-01 -1.1776e+00 -1.0050e+00 -2.2309e+00 +6.4673e-01 -2.0798e-01 -4.7263e-02 -3.2686e-01
82 +1.483218114e+04 +1.483218114e+04 +1.489779114e+04 +1.489779114e+04 +1.5832e+00 +2.8990e+00 -3.6367e+00 +1.6129e+00 -1.0932e-01 +1.6203e+00 -1.3274e-01 +1.9348e+00 -1.6032e+00 -3.7384e-01 +1.9530e+00 -9.6998e-01 -2.1640e-01 -1.8753e-01 -1.6083e+00 -5.8050e-01 -2.3904e-01 +7.3284e-01 +5.2418e-01 -1.9638e+00
149 +9.490874101e+03 +9.490874101e+03 +9.556484101e+03 +9.556484101e+03 -2.8459e+00 -9.1306e-01 -2.3972e+00 +1.5987e+00 +2.0240e-01 -1.8624e+00 -2.4799e-01 +4.1935e-01 +9.4690e-01 -1.6248e+00 +2.1643e+00 -2.0331e+00 +3.6354e-01 -1.2405e+00 -6.7800e-01 -2.5070e+00 +2.1863e-01 +2.3600e-01 -3.0563e-01 -6.7826e-01
241 +6.271664886e+03 +6.271664886e+03 +6.337274886e+03 +6.337274886e+03 -2.3737e+00 -8.7757e-01 -1.0826e+00 +1.6988e+00 +2.9683e-01 -1.2846e+00 -1.0828e-01 +5.5053e-01 +3.7138e-01 -9.6954e-01 +2.1815e+00 -1.3300e+00 +4.5237e-01 -8.7732e-01 -7.5898e-01 -2.5473e+00 -2.6213e-02 +1.4280e-01 -3.1437e-01 -6.6776e-01
% function evaluation | noise-free fitness - Fopt (6.306000000000e+01) | best noise-free fitness - Fopt | measured fitness | best measured fitness | x1 | x2...
1 +4.628777602e+05 +4.628777602e+05 +4.629408202e+05 +4.629408202e+05 -4.9515e+00 -4.3646e+00 +4.1683e+00 +3.5146e+00 -3.8175e+00 -2.4292e+00 +1.7186e+00 -3.5536e+00 -1.2813e+00 +7.6220e-01 -3.0245e+00 -4.1761e+00 +3.5966e+00 -2.9164e+00 -1.4928e+00 +1.7632e+00 -1.6668e+00 -3.1408e+00 +2.6060e-01 -3.2353e+00
2 +2.281463992e+05 +2.281463992e+05 +2.282094592e+05 +2.282094592e+05 +3.2217e+00 -2.8393e+00 +1.6853e+00 -2.9828e+00 -2.6646e+00 +6.6461e-01 -1.4718e+00 +2.4056e+00 -4.8252e+00 -2.1687e+00 +3.8258e+00 -2.6844e+00 +4.0863e-01 -3.6178e+00 -2.9744e-01 -3.4609e-01 +4.8065e+00 -4.2530e+00 +2.0284e+00 +1.8593e+00
18 +1.343373484e+05 +1.343373484e+05 +1.344004084e+05 +1.344004084e+05 -4.9544e+00 +4.9371e-01 -2.0124e+00 +2.7108e+00 -2.1845e+00 +2.0089e+00 -1.3201e+00 -1.8831e+00 +3.3155e+00 -3.2583e+00 +1.6429e+00 +3.2848e+00 -3.2080e-01 +3.1759e+00 +5.4102e-01 -1.7984e+00 -1.7385e+00 +2.6479e+00 +8.5690e-01 +3.7908e+00
42 +4.375383775e+04 +4.375383775e+04 +4.381689775e+04 +4.381689775e+04 -8.0757e-01 -2.2568e+00 -1.1454e+00 +1.3742e+00 -2.1886e+00 +1.6462e+00 -1.4022e+00 +7.3800e-01 +6.3311e-01 -3.2473e+00 +1.6696e+00 -1.1798e+00 +3.9210e-01 -8.8004e-01 -2.4989e-01 -4.8409e-01 -4.8135e-01 -3.1668e+00 +1.2925e+00 +2.8249e+00
47 +3.657554882e+04 +3.657554882e+04 +3.663860882e+04 +3.663860882e+04 +2.5219e+00 -1.3585e-01 +4.6113e-01 +1.4424e+00 -1.7392e+00 +1.5239e+00 +3.0184e-01 -2.1414e+00 -3.4247e+00 -2.3515e+00 +1.8252e+00 -1.2319e+00 +3.4048e+00 -3.9010e-03 +4.3015e-01 -1.7961e+00 -1.1733e+00 +8.0524e-01 -6.0341e-01 +5.6632e-01
86 +2.365769972e+04 +2.365769972e+04 +2.372075972e+04 +2.372075972e+04 +1.6740e+00 -6.3273e-01 -1.9939e+00 +1.7313e+00 -2.4499e+00 +4.3171e-01 +5.6941e-01 -2.2998e+00 -1.4257e+00 -2.7968e+00 +6.9616e-01 -8.8946e-01 +1.1260e+00 +5.4181e-02 +4.5361e-01 -1.8576e+00 +2.1822e+00 +2.0877e-01 -1.1279e-01 +2.1339e+00
123 +1.438676623e+04 +1.438676623e+04 +1.444982623e+04 +1.444982623e+04 +6.8876e-01 +9.1350e-01 +1.1167e+00 +1.9220e+00 -1.1076e+00 +1.5382e+00 -6.3357e-01 -1.6245e+00 -2.4308e+00 -1.8440e+00 +1.6871e+00 +1.4935e+00 +1.5360e+00 -9.2256e-02 +1.6368e-01 -8.0318e-01 -1.1744e+00 +1.6812e+00 -4.4748e-01 +8.1257e-01
149 +7.823113326e+03 +7.823113326e+03 +7.886173326e+03 +7.886173326e+03 -3.6800e-01 +1.1302e+00 -6.5171e-01 +2.0446e+00 -1.4572e-01 +1.5404e+00 -1.4314e+00 -1.6164e+00 -1.8385e+00 -8.1535e-01 +1.4835e+00 +1.6142e+00 +5.2839e-01 -2.7994e-01 +7.7953e-02 -6.6850e-01 -1.3319e+00 +8.2777e-01 -2.3818e-01 +1.6552e+00
231 +6.068094123e+03 +6.068094123e+03 +6.131154123e+03 +6.131154123e+03 -3.6800e-01 +1.1302e+00 -6.5171e-01 +1.4565e+00 -1.4572e-01 +1.5404e+00 -1.4314e+00 -1.6164e+00 -1.8385e+00 -8.1535e-01 +1.4835e+00 +1.6142e+00 +5.2839e-01 -2.7994e-01 +7.7953e-02 -6.6850e-01 -1.3319e+00 +8.2777e-01 -2.3818e-01 +1.6552e+00
% function evaluation | noise-free fitness - Fopt (5.193000000000e+01) | best noise-free fitness - Fopt | measured fitness | best measured fitness | x1 | x2...
1 +1.968390134e+05 +1.968390134e+05 +1.968909434e+05 +1.968909434e+05 +2.6149e+00 -4.5418e+00 -1.7629e+00 -1.7864e+00 -1.7133e+00 -1.8037e+00 +3.7657e+00 -2.3197e-01 +3.7054e+00 +1.8115e+00 -1.1796e+00 +2.3620e+00 -4.2487e+00 +6.7262e-01 +8.3572e-01 +2.7746e+00 +3.7867e-01 +3.1332e+00 -2.3552e+00 +2.3522e+00
3 +1.156639084e+05 +1.156639084e+05 +1.157158384e+05 +1.157158384e+05 -2.0481e+00 +1.6814e+00 +2.0241e+00 -2.5480e+00 -1.7488e+00 -3.2029e-01 -1.9684e+00 +2.7802e-01 +3.7089e+00 -1.0536e+00 -3.5625e+00 +2.6133e+00 +3.9380e+00 -4.0099e+00 -5.8530e-01 +2.9606e+00 +1.7157e+00 -3.2526e+00 -1.8509e+00 +2.3371e+00
41 +6.277737490e+04 +6.277737490e+04 +6.282930490e+04 +6.282930490e+04 -9.5423e-01 +1.3447e-01 -4.3084e-01 -2.3056e+00 -1.7470e+00 -1.7372e+00 -3.2233e-02 +8.2903e-02 +3.7089e+00 +8.4136e-01 -1.3294e+00 +2.4577e+00 -3.1598e-01 -3.7493e+00 -5.6944e-01 +2.9516e+00 +1.1844e+00 -3.0026e+00 -2.1482e+00 +2.3456e+00
67 +2.477916729e+04 +2.477916729e+04 +2.483109729e+04 +2.483109729e+04 -6.9196e-01 -2.0544e-01 -2.1279e+00 -2.0720e+00 -1.9272e+00 -1.0195e+00 -1.8202e+00 +1.2232e+00 +3.1339e+00 -9.9249e-01 -1.0657e+00 +2.5846e+00 +8.1672e-01 -3.4546e+00 -2.2427e+00 -1.5251e+00 +5.9293e-01 -1.1922e+00 -1.1871e+00 +2.2018e+00
134 +1.568731286e+04 +1.568731286e+04 +1.573924286e+04 +1.573924286e+04 -1.3798e+00 -2.5763e-01 -8.0344e-03 -2.0521e+00 -1.7676e+00 -6.3819e-01 -2.0702e+00 +1.0571e+00 +2.3759e+00 -7.3718e-01 -9.5459e-01 +2.1013e+00 +1.2801e+00 -2.7761e+00 -1.3564e+00 -1.2026e+00 +1.5659e+00 -1.2098e+00 -6.5882e-01 +1.7922e+00
204 +9.687911936e+03 +9.687911936e+03 +9.739841936e+03 +9.739841936e+03 -9.4126e-01 +8.1718e-02 -1.3623e+00 -1.6704e+00 -2.0895e+00 -1.4104e-01 -2.1690e+00 +8.6220e-01 +1.4736e+00 -2.9863e-01 -7.0851e-01 +2.1433e+00 +9.7461e-01 -1.7411e+00 -1.8295e+00 -1.3333e+00 +6.7073e-01 -1.1767e+00 -4.1796e-01 +1.6269e+00
% function evaluation | noise-free fitness - Fopt (3.071000000000e+01) | best noise-free fitness - Fopt | measured fitness | best measured fitness | x1 | x2...
1 +2.347980294e+05 +2.347980294e+05 +2.348287394e+05 +2.348287394e+05 -1.2922e+00 -2.6195e+00 -4.9295e+00 +9.3277e-01 -4.0650e+00 -6.5286e-01 -5.6977e-01 -1.5158e+00 -4.0017e-01 +3.7650e+00 +4.1055e+00 -3.2824e+00 +2.8025e+00 +2.5332e+00 +5.7639e-01 +6.0858e-01 -3.2443e+00 -1.3922e-01 +4.7886e+00 -1.6254e+00
20 +1.443688479e+05 +1.443688479e+05 +1.443995579e+05 +1.443995579e+05 +2.7868e+00 +9.2675e-01 -4.2041e+00 +8.9281e-02 -2.7964e+00 -3.4510e+00 -1.3760e+00 +1.4515e+00 +1.2444e+00 +4.1301e+00 +1.1265e+00 -1.8720e+00 -2.5950e+00 +3.7879e+00 -2.3873e-01 -2.4673e+00 -4.3533e+00 -1.2158e+00 -2.1300e+00 -1.9471e+00
41 +7.258501393e+04 +7.258501393e+04 +7.261572393e+04 +7.261572393e+04 -1.0746e+00 -2.3920e+00 -7.4968e-01 -1.9212e-01 +1.4254e+00 +8.0019e-02 -2.8002e+00 -1.4438e+00 +1.0917e+00 +1.5392e-01 +3.0195e+00 +2.1492e-01 +2.2511e+00 +3.5616e+00 +7.6426e-01 +2.0179e+00 -1.1700e+00 -4.2593e-01 +4.3224e+00 -1.4825e+00
43 +6.225037414e+04 +6.225037414e+04 +6.228108414e+04 +6.228108414e+04 +1.7570e+00 +2.9987e+00 +1.3429e+00 -1.5446e-01 +1.6394e+00 +2.5483e+00 -1.3994e+00 -2.6811e+00 +1.6433e+00 -2.3640e+00 +2.9433e-01 +1.8342e+00 +2.0610e+00 +4.0175e-01 +3.0532e+00 +3.9180e+00 -1.3757e+00 -1.4467e+00 -1.0323e+00 -1.5619e+00
54 +2.502665067e+04 +2.502665067e+04 +2.505736067e+04 +2.505736067e+04 +1.3513e+00 -6.1881e-01 +2.7050e+00 -1.3125e-01 +2.7219e+00 +2.5772e-01 -7.7776e-01 -6.8858e-01 +1.2750e+00 -2.5498e-02 -1.3943e+00 +1.1785e+00 +1.5406e+00 +1.6681e+00 +7.0082e-01 +3.3023e+00 -2.4306e-02 +4.4664e+00 +1.4878e+00 +3.3491e-01
168 +1.557638555e+04 +1.557638555e+04 +1.560709555e+04 +1.560709555e+04 +2.4968e+00 -2.9161e-01 +2.1714e+00 -1.7507e-01 +9.6348e-01 +2.2453e+00 -8.1450e-01 +1.5045e+00 +1.4763e+00 -3.5825e-01 -9.0102e-01 +7.7155e-01 +1.4608e+00 +2.5750e+00 +1.2009e+00 +3.0779e+00 -4.4808e-01 +3.8100e+00 +1.2237e+00 +7.2680e-02
616 +9.971470308e+03 +9.971470308e+03 +1.000218031e+04 +1.000218031e+04 +2.4003e+00 -2.7609e-01 +1.9145e+00 -6.0193e-02 +1.0226e+00 +1.7401e+00 -8.5113e-01 +5.0944e-01 +1.4777e+00 -2.6224e-01 -7.5642e-01 +8.3121e-01 +1.3480e+00 +2.4216e+00 +1.2250e+00 +3.2798e+00 -5.8544e-01 +1.6712e+00 +4.4495e-01 -3.8466e-02
% function evaluation | noise-free fitness - Fopt (7.850000000000e+00) | best noise-free fitness - Fopt | measured fitness | best measured fitness | x1 | x2...
1 +6.373814439e+05 +6.373814439e+05 +6.373892939e+05 +6.373892939e+05 +4.2715e+00 -4.3937e+00 -2.5325e+00 -2.5109e+00 +2.0866e+00 -3.0776e+00 +9.1680e-01 -4.9645e+00 -1.8508e+00 -2.3168e+00 +2.9266e+00 +4.7612e+00 -4.3681e+00 +2.6590e+00 -2.6933e-01 -4.6179e+00 +2.8958e+00 +2.3950e+00 +3.0411e+00 +4.9847e+00
2 +3.046118698e+05 +3.046118698e+05 +3.046197198e+05 +3.046197198e+05 -5.5651e-01 -1.1548e+00 +4.4431e+00 +1.7028e+00 -1.7674e+00 +4.5229e+00 +2.3520e+00 +1.5637e+00 -1.3899e+00 -2.7933e+00 +1.2705e+00 -3.1849e-01 +1.8799e+00 -7.2720e-02 +4.8010e+00 +1.3838e+00 -4.1322e+00 -4.9108e+00 +4.9098e+00 -3.2642e+00
7 +2.376067165e+05 +2.376067165e+05 +2.376145665e+05 +2.376145665e+05 +1.1302e+00 +1.4241e+00 +8.8647e-01 +1.4215e+00 -2.7486e+00 -3.9104e-01 -1.2704e+00 -3.1020e+00 +2.1638e+00 +4.9024e+00 +3.4177e+00 -1.1624e+00 -1.6078e+00 -3.8895e+00 -7.4886e-01 -3.6996e+00 +4.7571e-01 -2.7794e+00 -2.7324e+00 -4.7658e+00
10 +1.322758424e+05 +1.322758424e+05 +1.322836924e+05 +1.322836924e+05 -3.7930e+00 -3.6299e+00 +5.6661e-01 -2.5065e+00 -1.0539e+00 +3.2038e+00 +3.8150e+00 -3.5228e+00 +2.8711e+00 -1.1638e+00 -6.3480e-01 -3.0209e-01 +1.7943e+00 +9.7892e-01 +6.6556e-01 -9.9991e-01 -3.4606e+00 +5.6256e-02 -2.1155e+00 -2.8767e-01
42 +4.108340203e+04 +4.108340203e+04 +4.109125203e+04 +4.109125203e+04 +3.5305e-01 -1.0879e+00 +3.7687e+00 +2.9606e+00 -1.7339e-01 +3.4234e+00 +2.7407e+00 -6.8166e-01 -8.1622e-01 -2.3262e+00 -2.7412e-01 -1.7333e+00 +1.8437e+00 -2.3008e+00 -1.6167e+00 +1.3038e+00 -2.5128e+00 -2.5020e+00 +1.3505e+00 -8.7688e-01
44 +3.824493587e+04 +3.824493587e+04 +3.825278587e+04 +3.825278587e+04 +3.2585e+00 -4.0442e-01 +5.9402e-01 +2.0016e+00 -1.6279e+00 +1.3295e+00 +2.9298e+00 -2.1119e+00 +5.6184e-01 -3.5340e+00 -3.8307e+00 +6.3609e-01 +3.8872e+00 -9.0191e-01 -8.5825e-01 +3.8327e-01 -1.4526e+00 -3.6435e-01 -7.9679e-01 -2.8498e+00
85 +2.208987997e+04 +2.208987997e+04 +2.209772997e+04 +2.209772997e+04 +2.0485e-01 +1.5375e+00 +5.8772e-01 +3.8692e+00 +2.1604e-01 -3.8979e-01 +7.7859e-01 -3.3228e+00 +2.6830e+00 -8.7042e-01 -7.8805e-01 -3.0581e-01 +9.3391e-01 -1.8228e+00 -3.1751e-01 +1.0951e+00 -1.6179e+00 +1.4067e+00 -2.7723e-01 -2.7638e-02
139 +1.557593746e+04 +1.557593746e+04 +1.558378746e+04 +1.558378746e+04 +6.5085e-01 +8.0012e-01 -5.8307e-01 +2.7239e+00 -5.2511e-01 -8.9849e-01 +1.6129e+00 -3.7283e+00 +3.5306e-01 -1.0187e+00 -1.8357e+00 -2.7167e+00 +4.5652e-01 -1.9491e+00 +2.6662e-01 +8.7281e-01 -1.6455e+00 +6.3118e-01 +9.9069e-02 +1.8674e-01
223 +9.387750659e+03 +9.387750659e+03 +9.395600659e+03 +9.395600659e+03 +9.6297e-02 +9.4422e-01 +1.1280e+00 +3.3425e+00 -2.4275e-01 -9.8166e-03 +1.9839e+00 -2.6676e+00 +6.5246e-01 -7.1145e-01 -1.6217e+00 -9.7661e-01 -3.9785e-01 -2.0092e+00 +3.5563e-01 -1.5583e-01 -1.7621e+00 +9.1597e-01 -3.4579e-01 +6.6563e-01
3367 +6.254591802e+03 +6.254591802e+03 +6.262441802e+03 +6.262441802e+03 +9.6632e-02 +5.3924e-01 +7.8694e-01 +3.1566e+00 +4.6889e-02 +5.2314e-02 +1.7387e+00 -2.7380e+00 +2.3829e-01 -7.1246e-01 -1.6809e+00 -9.7382e-01 -3.2694e-01 -1.8522e+00 +2.8861e-01 -1.7145e-01 -1.7774e+00 +9.6400e-01 -3.4343e-01 -7.8949e-02
% function evaluation | noise-free fitness - Fopt (3.191000000000e+01) | best noise-free fitness - Fopt | measured fitness | best measured fitness | x1 | x2...
1 +2.012106551e+05 +2.012106551e+05 +2.012425651e+05 +2.012425651e+05 -1.6140e+00 -1.2065e+00 -4.4454e+00 +4.5987e+00 -3.7567e+00 +4.2789e-02 +4.2201e+00 -3.1122e+00 +1.1599e+00 +1.3487e-01 -1.3319e+00 -2.2167e+00 +1.5563e+00 -3.1259e+00 -2.6151e+00 -1.6614e+00 +2.9490e+00 -3.0652e+00 -2.8070e+00 -1.7555e+00
18 +9.098783054e+04 +9.098783054e+04 +9.101974054e+04 +9.101974054e+04 +2.2447e+00 -3.6423e+00 -5.8870e-01 +3.9261e+00 -1.6709e+00 +3.9353e+00 -6.2301e-01 -3.0642e+00 +2.3794e+00 -1.1863e+00 +3.8472e+00 +2.4971e+00 +3.9731e+00 +2.2980e+00 -6.8650e-01 +2.3067e+00 +2.7064e-01 +1.3392e+00 +2.5574e-01 -2.4230e+00
41 +6.265790420e+04 +6.265790420e+04 +6.268981420e+04 +6.268981420e+04 -3.1517e-01 -1.4166e+00 -2.0758e+00 +4.4306e+00 -3.3202e+00 +1.2303e+00 +1.3862e-01 -3.0674e+00 +1.7222e+00 -1.1840e-01 +2.7167e+00 +2.8488e-01 +1.8018e+00 -2.7230e+00 -1.4304e+00 +1.9740e+00 +1.1364e+00 -2.7405e+00 +1.2087e-01 -2.2703e+00
75 +2.793045403e+04 +2.793045403e+04 +2.796236403e+04 +2.796236403e+04 +1.3084e+00 -2.4363e+00 -7.7776e-01 +3.4774e+00 -2.9099e+00 +2.4748e+00 -5.1514e-01 -2.1512e+00 +1.4419e+00 -3.4320e+00 +2.4758e+00 +6.3530e-01 +7.5004e-01 -7.3528e-01 +6.2268e-01 +2.8641e+00 -5.9368e-02 -2.4882e-01 -1.8403e+00 -2.2561e+00
78 +1.621383428e+04 +1.621383428e+04 +1.624574428e+04 +1.624574428e+04 +3.1390e+00 -3.1900e+00 -5.1295e-01 -6.1725e-02 -1.1672e+00 +1.0838e+00 -7.0253e-01 -7.3104e-01 -3.4883e-01 -2.1085e+00 +2.1679e+00 -1.0418e+00 +3.5934e-01 +2.2865e+00 -9.3318e-01 +2.4610e+00 -5.7394e-01 +4.7593e-01 +1.0644e+00 -3.4384e-01
88 +1.166144370e+04 +1.166144370e+04 +1.169335370e+04 +1.169335370e+04 +3.0754e+00 -2.3610e+00 -1.9895e+00 +9.2965e-01 -6.9381e-01 +3.4736e-01 +1.5075e+00 -1.1231e+00 -2.5192e-01 -6.4854e-01 +2.1683e+00 -4.4642e-01 +1.8000e+00 +2.2173e+00 -4.5136e-01 +1.8189e+00 -7.6086e-01 +8.1804e-01 +2.1904e+00 -2.1695e+00
121 +9.986582432e+03 +9.986582432e+03 +1.001849243e+04 +1.001849243e+04 +3.1388e+00 -3.3778e+00 -7.8390e-01 +4.8767e-01 -8.6727e-01 +8.7806e-01 +6.4030e-01 -8.6086e-01 -3.2104e-01 -1.8682e+00 +2.1679e+00 -4.5738e-01 +1.4194e+00 +2.2206e+00 -7.0859e-01 +2.0093e+00 -6.1514e-01 +5.7472e-01 +1.3829e+00 -9.1992e-01
184 +5.794227579e+03 +5.794227579e+03 +5.826137579e+03 +5.826137579e+03 +2.0914e+00 -1.3881e+00 -9.4861e-01 +9.0886e-02 -1.0235e+00 +7.0782e-01 +6.0497e-01 -8.5978e-01 -1.2460e-01 -7.8256e-01 +2.3996e+00 -4.5478e-01 +1.8823e+00 +2.0089e+00 -5.2986e-01 +1.4559e+00 -6.3223e-01 +4.5650e-01 +1.4904e+00 -1.6396e+00
% function evaluation | noise-free fitness - Fopt (-1.909000000000e+01) | best noise-free fitness - Fopt | measured fitness | best measured fitness | x1 | x2...
1 +1.743057473e+05 +1.743057473e+05 +1.742866573e+05 +1.742866573e+05 -4.4940e+00 -2.9203e+00 +1.4243e+00 -4.5567e+00 +1.8547e+00 +4.0091e+00 -4.4347e+00 +7.7954e-01 +3.1239e+00 +1.8487e+00 -1.3752e+00 +4.8176e-01 +2.7415e+00 -1.9784e+00 +2.1934e+00 +8.9240e-01 -3.2504e+00 -4.1286e+00 +2.5986e+00 -1.9214e+00
31 +1.553881249e+05 +1.553881249e+05 +1.553690349e+05 +1.553690349e+05 +2.8981e+00 +1.1435e+00 -4.8955e-01 +2.3633e+00 -2.4873e+00 +2.2410e+00 +3.6521e+00 -1.0226e+00 +4.0162e+00 +4.5966e+00 +3.4051e+00 +4.9055e-01 +1.0222e+00 -2.2286e+00 -3.5532e+00 -2.4179e+00 +1.7585e+00 +2.8974e+00 +3.7608e-01 -2.3188e-01
44 +5.972534874e+04 +5.972534874e+04 +5.970625874e+04 +5.970625874e+04 -2.4359e+00 +6.3631e-01 -8.3479e-01 -1.8404e+00 -1.0039e+00 +1.5217e+00 -1.4878e+00 +3.4681e+00 -1.0975e-01 -1.7403e+00 -2.4484e+00 -2.4542e+00 +2.2029e+00 +2.4674e+00 -2.1950e-01 +5.7120e-01 +9.4356e-01 +2.1151e-01 +4.8757e-01 -3.7673e+00
82 +3.270731108e+04 +3.270731108e+04 +3.268822108e+04 +3.268822108e+04 -2.4357e+00 -1.1647e+00 +1.7263e+00 -1.3629e+00 -5.9742e-01 -8.5131e-01 -7.0799e-01 +3.9866e+00 +1.9017e+00 +2.4967e+00 -2.2196e+00 -2.2185e+00 +2.3991e-01 -2.2386e+00 -1.4201e-01 +2.2550e+00 -1.6840e+00 +1.1482e+00 -5.2579e-01 +1.4454e+00
124 +1.884288038e+04 +1.884288038e+04 +1.882379038e+04 +1.882379038e+04 -1.7853e+00 -1.6400e+00 +7.3299e-03 -1.4202e+00 -4.3789e-01 +2.9604e-01 -6.8694e-01 +3.9453e+00 +1.5454e+00 +6.0946e-01 -2.3138e+00 -2.2064e+00 +3.5260e-01 -3.9766e-01 -4.9993e-01 +2.3500e+00 -1.6764e+00 +6.8902e-01 -5.2094e-01 +6.7260e-01
244 +1.537887639e+04 +1.537887639e+04 +1.535978639e+04 +1.535978639e+04 -1.9417e+00 -1.2888e+00 -9.6853e-01 -1.4322e+00 -3.0869e-01 -8.9939e-02 -2.4492e-01 +3.8379e+00 +1.0847e+00 +6.3619e-01 -2.2343e+00 -2.1994e+00 +5.0147e-01 -3.6369e-01 -5.4070e-01 +2.4637e+00 -1.6617e+00 +7.4894e-02 -4.9631e-01 +2.8895e-01
% function evaluation | noise-free fitness - Fopt (-1.358500000000e+02) | best noise-free fitness - Fopt | measured fitness | best measured fitness | x1 | x2...
1 +3.887070876e+05 +3.887070876e+05 +3.885712376e+05 +3.885712376e+05 -4.2040e+00 -2.8298e+00 -2.3685e+00 -4.3753e+00 +2.6480e+00 +6.4753e-01 -9.8384e-01 +3.7425e+00 +4.9310e+00 -2.8588e+00 +9.8190e-01 +2.4167e+00 +6.5789e-01 -1.6876e+00 -2.0291e+00 -3.4298e+00 -3.1188e+00 -3.2337e+00 -2.9737e+00 -7.2015e-01
2 +1.879097715e+05 +1.879097715e+05 +1.877739215e+05 +1.877739215e+05 +2.4998e+00 +1.2720e+00 -4.8360e+00 -2.2643e+00 +1.0752e+00 -3.8090e+00 +3.8598e+00 +2.2416e+00 -2.2205e-01 +1.8923e-01 +1.8311e+00 -4.6960e+00 -3.2699e+00 +2.9820e+00 -2.6146e+00 -3.0657e+00 -3.8231e+00 -1.9820e+00 -3.2762e-01 +1.4192e+00
41 +7.477822129e+04 +7.477822129e+04 +7.464237129e+04 +7.464237129e+04 +2.7593e-01 -1.5485e+00 -2.0228e+00 -3.0545e+00 +1.4302e+00 +1.1553e+00 +2.8456e+00 -4.0001e-01 +4.8635e+00 +1.1399e+00 +6.9588e-01 +2.5377e+00 +8.3332e-01 -2.4039e+00 -2.1089e+00 -5.3431e-01 -2.5067e+00 -2.1582e-01 -4.5821e-02 +3.3121e-01
49 +6.202168524e+04 +6.202168524e+04 +6.188583524e+04 +6.188583524e+04 +2.0483e+00 -1.7196e+00 -2.0011e+00 +3.0421e+00 +9.6838e-01 +4.0949e+00 +1.9072e+00 -2.9648e-01 +8.8894e-01 +5.9133e-01 -2.1073e+00 +1.7087e-01 +9.4808e-01 -2.0041e+00 -3.6861e+00 -2.3043e+00 -1.0833e+00 +1.3066e+00 -3.7120e-01 -3.3275e+00
66 +3.841722581e+04 +3.841722581e+04 +3.828137581e+04 +3.828137581e+04 +2.3926e+00 +2.4480e-02 -6.0502e-01 -1.3754e-01 +1.3953e+00 +9.0530e-01 +2.8100e+00 -6.9869e-01 +9.0482e-01 +8.8253e-01 -1.0031e+00 +2.2389e+00 +1.1193e+00 -3.1925e+00 -2.2040e-01 +3.6043e+00 -1.7480e+00 +2.5022e+00 -2.4828e+00 +1.7334e+00
167 +2.309531503e+04 +2.309531503e+04 +2.295946503e+04 +2.295946503e+04 +2.4626e+00 +3.7700e-03 -1.2140e+00 -7.9327e-01 +1.2871e+00 +9.8588e-01 +2.8292e+00 -7.1251e-01 +9.3241e-01 +1.1806e+00 -1.0031e+00 +1.7858e+00 +1.1338e+00 -3.1381e+00 -3.0480e-01 +8.7978e-01 -1.7436e+00 +2.4854e+00 -2.2605e+00 +1.8441e+00
% function evaluation | noise-free fitness - Fopt (-8.861000000000e+01) | best noise-free fitness - Fopt | measured fitness | best measured fitness | x1 | x2...
1 +1.059913482e+05 +1.059913482e+05 +1.059027382e+05 +1.059027382e+05 +3.7283e-01 -2.4412e+00 +4.2422e+00 +1.2344e+00 +1.7155e+00 -3.4622e+00 -4.8332e-01 +2.8968e+00 +2.2372e+00 -6.2620e-01 -1.5276e+00 -1.7635e+00 -2.7369e-01 +9.6308e-01 +2.1877e+00 +1.2095e+00 +1.4719e+00 +1.9344e+00 -2.8078e+00 +2.4297e+00
41 +3.436373256e+04 +3.436373256e+04 +3.427512256e+04 +3.427512256e+04 +2.9898e+00 +5.0708e-01 -1.3589e+00 +8.8196e-01 -4.6530e-01 -1.5089e+00 -5.7927e-01 +6.5722e-01 +2.0247e+00 +8.9297e-01 -2.4531e+00 -2.1603e+00 -1.7698e-01 +1.1798e+00 -3.0017e-01 +2.5263e+00 +2.2391e-01 +1.2987e+00 +5.2880e-01 +2.4390e+00
117 +1.964306265e+04 +1.964306265e+04 +1.955445265e+04 +1.955445265e+04 +2.8219e+00 +3.4124e-01 -1.4701e+00 +1.6521e+00 -7.2944e-01 -9.9194e-01 -1.5721e-01 -7.7577e-01 +2.3941e+00 -7.8895e-01 -1.2662e+00 +1.9952e-01 -1.5086e-01 -3.2845e-01 +1.9680e-01 +1.7039e-02 -3.4696e-01 +9.9709e-01 +2.9147e-01 +2.4276e+00
141 +1.576025633e+04 +1.576025633e+04 +1.567164633e+04 +1.567164633e+04 +2.7735e+00 +1.8677e-01 -2.7469e+00 +1.6314e+00 -1.3398e+00 -9.8100e-01 -3.3654e-01 -1.2573e+00 +2.1775e+00 +4.8618e-01 -3.8037e-01 +5.8316e-01 +4.1692e-01 +1.5036e+00 -1.0479e-01 +1.5728e-01 -3.0432e-01 +8.3363e-01 +5.3775e-01 +2.4754e+00
338 +9.956729835e+03 +9.956729835e+03 +9.868119835e+03 +9.868119835e+03 +2.8272e+00 +1.9222e-01 -1.9284e+00 +1.4983e+00 -7.5180e-01 -1.0038e+00 -3.2600e-01 -9.3684e-01 +2.2241e+00 +5.6682e-01 -6.9110e-01 -1.0142e-01 -9.6885e-02 +8.8712e-01 +1.1735e-02 +2.4575e-01 -1.1427e-01 +2.1562e-01 +5.9758e-01 +2.4753e+00
% function evaluation | noise-free fitness - Fopt (1.856300000000e+02) | best noise-free fitness - Fopt | measured fitness | best measured fitness | x1 | x2...
1 +4.902301562e+05 +4.902301562e+05 +4.904157862e+05 +4.904157862e+05 +1.5200e+00 -3.7059e+00 +4.5329e+00 +5.3293e-01 -4.4974e+00 -4.4235e+00 -2.4108e-01 +1.9472e+00 +3.1362e+00 -3.4762e+00 -9.0645e-01 -4.0708e+00 +3.1400e+00 +7.7039e-01 -2.8823e+00 +1.7194e+00 -2.3273e+00 -1.7271e-01 -3.9256e+00 +6.4765e-01
5 +1.358380780e+05 +1.358380780e+05 +1.360237080e+05 +1.360237080e+05 -1.0168e-02 -1.7596e+00 +3.2986e-01 -4.7989e+00 +2.9871e+00 +2.8879e+00 -3.5736e+00 -2.9186e+00 -1.6799e+00 -1.0799e+00 +2.5578e-01 +2.4869e+00 -1.0915e+00 +9.3643e-01 +9.8288e-01 -7.1249e-01 -4.8285e+00 -2.0093e-01 -4.5333e+00 -3.9143e-01
8 +8.634788160e+04 +8.634788160e+04 +8.653351160e+04 +8.653351160e+04 +1.7800e+00 +1.2211e-02 +1.0674e+00 +4.1149e-01 +2.4237e+00 -1.1687e+00 -8.0443e-01 -1.9681e+00 +3.0589e+00 -3.5195e+00 -3.2858e+00 +2.1557e+00 -6.0455e-01 -2.8410e+00 -6.6737e-02 +5.5290e-01 +1.6417e+00 -4.2573e+00 -2.7835e+00 -2.7043e+00
45 +3.898099256e+04 +3.898099256e+04 +3.916662256e+04 +3.916662256e+04 +1.4660e+00 -1.1177e+00 +7.6391e-01 -3.9299e+00 +2.5609e+00 +1.5797e-02 -1.2313e+00 -2.5607e+00 -1.1789e+00 -2.2795e+00 -5.5196e-02 +2.4474e+00 -7.1801e-01 -2.5181e+00 +9.6140e-01 +4.8036e-01 +7.0631e-01 -1.0526e+00 -2.8182e+00 -4.4127e-01
63 +1.964324874e+04 +1.964324874e+04 +1.982887874e+04 +1.982887874e+04 +1.1407e+00 +1.1339e+00 +9.0349e-01 +2.9479e+00 +1.7011e+00 +1.8297e+00 -1.5772e+00 -2.6036e-01 +3.0444e+00 -1.0560e+00 +3.9562e+00 +2.8272e-01 +3.6150e-01 -1.1342e+00 +2.0825e+00 -6.8881e-01 +2.1974e+00 +2.9806e+00 -2.7795e+00 -3.7752e+00
100 +1.416540659e+04 +1.416540659e+04 +1.435103659e+04 +1.435103659e+04 +1.8474e+00 +1.3004e-01 +1.5201e+00 +2.6016e+00 +2.3148e+00 +5.3438e-01 -2.7276e-01 -1.2355e+00 +1.1296e+00 -1.9165e-01 +5.3513e-01 +1.7614e+00 -6.4505e-01 -1.1733e+00 +1.9379e+00 +8.3006e-02 +2.2764e+00 +2.4916e+00 -1.0824e+00 -1.1867e+00
202 +9.446049940e+03 +9.446049940e+03 +9.631679940e+03 +9.631679940e+03 +7.5017e-01 +7.1331e-01 +9.8525e-01 +2.6527e+00 +1.5463e+00 +1.6083e+00 -7.3586e-01 -7.1204e-01 +1.5640e+00 -2.0127e-01 +1.2197e+00 +1.4373e+00 -3.7868e-01 -1.5671e+00 +1.9867e+00 +3.4163e-01 +1.9140e+00 +2.4292e+00 -1.8362e+00 -1.9826e+00
% function evaluation | noise-free fitness - Fopt (8.131000000000e+01) | best noise-free fitness - Fopt | measured fitness | best measured fitness | x1 | x2...
1 +3.072015795e+05 +3.072015795e+05 +3.072828895e+05 +3.072828895e+05 +1.3102e+00 +2.8239e+00 -1.5808e+00 -1.7519e-02 +3.8333e+00 +1.0267e+00 -3.3008e+00 +1.0454e+00 +3.7253e+00 +1.5326e+00 -6.4505e-02 -8.8035e-01 -2.1939e+00 +4.8493e+00 -3.0289e+00 +2.0447e+00 +3.7241e+00 +4.5020e+00 -2.1682e+00 +4.6086e+00
7 +1.235326451e+05 +1.235326451e+05 +1.236139551e+05 +1.236139551e+05 -4.7134e+00 -3.1007e+00 +3.7678e+00 +1.2486e-01 -5.6892e-01 -4.6614e+00 +1.0158e+00 +7.9405e-02 -7.2792e-02 -2.8003e+00 -2.7531e+00 +6.9409e-01 +1.1881e-01 -1.0819e+00 +1.2130e+00 +1.7588e+00 +2.1407e+00 -2.5622e+00 -8.1497e-01 +3.0333e+00
42 +9.194277982e+04 +9.194277982e+04 +9.202408982e+04 +9.202408982e+04 -3.8352e-01 +1.9296e+00 +2.8066e-01 +7.1525e-01 -1.2412e+00 -2.9988e-01 +2.3259e+00 +4.5734e+00 +3.4723e-01 -4.0215e+00 +2.3930e+00 -1.2669e+00 +1.0082e+00 +3.8780e+00 +3.0330e+00 -1.1099e+00 +8.3569e-01 +3.7208e-01 -7.8353e-01 -2.9701e-01
45 +5.359776638e+04 +5.359776638e+04 +5.367907638e+04 +5.367907638e+04 -2.0010e+00 +2.5114e-01 -1.8067e-01 +1.1408e+00 -3.2815e+00 +9.8833e-01 +2.2603e+00 +2.8332e-01 -1.1775e+00 -2.9750e+00 -2.4637e+00 +2.2525e+00 +2.3374e+00 +6.4772e-01 -2.4907e-02 -1.0943e+00 +2.0751e-01 -2.4536e+00 -1.1645e+00 +2.5391e+00
50 +3.460316607e+04 +3.460316607e+04 +3.468447607e+04 +3.468447607e+04 +6.5664e-01 -7.8374e-01 -1.7777e+00 -1.5941e+00 +1.6234e+00 -1.2809e+00 +4.7215e-01 +2.4125e+00 +1.9346e+00 +2.6807e+00 -5.7801e-01 +1.9747e-01 +6.5713e-01 -1.0824e+00 +3.1516e+00 +1.5263e+00 +3.2106e+00 -2.2008e+00 -8.0847e-01 -8.7977e-01
81 +2.220029932e+04 +2.220029932e+04 +2.228160932e+04 +2.228160932e+04 +6.2847e-01 -1.4406e-01 +3.2075e-01 -9.0434e-01 +2.1473e+00 -2.6041e+00 +7.5281e-02 +2.2994e+00 +2.0964e+00 +1.2621e+00 -2.7110e-01 -4.9894e-02 -6.4075e-01 -9.0120e-01 +1.1164e+00 +1.6253e+00 +3.2309e+00 -5.5236e-01 -1.6012e+00 +1.1993e+00
91 +1.394956061e+04 +1.394956061e+04 +1.403087061e+04 +1.403087061e+04 +1.2509e+00 -1.2219e+00 -4.9257e-02 -1.3654e+00 -5.9248e-01 -3.2369e-01 +4.9581e-01 +9.4343e-01 +1.6351e+00 -2.4863e-01 -1.1638e+00 -1.6668e-01 -5.0240e-01 -9.3476e-01 +2.4837e+00 -8.9230e-01 +3.1691e+00 -1.7023e+00 -3.4087e-01 +8.8348e-01
171 +9.262233520e+03 +9.262233520e+03 +9.343543520e+03 +9.343543520e+03 +1.2509e+00 -1.2219e+00 -4.9257e-02 -5.0694e-01 -5.9248e-01 -3.2369e-01 +4.9581e-01 +9.4343e-01 +1.6351e+00 -2.4863e-01 -1.1638e+00 -1.6668e-01 -5.0240e-01 -9.3476e-01 +2.4837e+00 -8.9230e-01 +3.1691e+00 -1.7023e+00 -3.4087e-01 -2.6874e-01
6326 +6.302638915e+03 +6.302638915e+03 +6.383948915e+03 +6.383948915e+03 +1.0185e+00 -1.2821e+00 -2.5305e-02 -5.8115e-01 -5.0023e-01 -3.8405e-01 +8.4355e-01 +9.5358e-01 +1.3225e+00 -3.0957e-01 -1.1652e+00 -1.5613e-01 -3.9838e-01 -7.9948e-01 +2.4899e+00 +4.8744e-02 +2.6319e+00 -1.6194e+00 -7.2073e-01 +8.4313e-02
