% function evaluation | noise-free fitness - Fopt (1.238300000000e+02) | best noise-free fitness - Fopt | measured fitness | best measured fitness | x1 | x2...
1 +1.170015251e+05 +1.170015251e+05 +1.171253551e+05 +1.171253551e+05 +9.3617e-01 -1.6125e+00 -2.7343e+00 -3.1298e+00 +3.6262e-02 +1.0833e+00 +3.4844e+00 -2.0025e+00 +3.7905e-01 +3.8219e+00
8 +7.205770205e+04 +7.205770205e+04 +7.218153205e+04 +7.218153205e+04 -1.0781e+00 -1.0627e+00 -2.1351e+00 -4.1108e-01 -3.1721e+00 +1.9725e+00 +2.3998e+00 +1.5919e+00 -3.6327e+00 -2.5367e+00
18 +3.532700467e+04 +3.532700467e+04 +3.545083467e+04 +3.545083467e+04 -3.6638e-01 +6.6611e-01 +3.3725e+00 +1.3254e+00 +2.9026e-01 +1.8920e-01 -4.3752e+00 +3.4623e+00 +2.1521e+00 -6.4976e-01
21 +2.028950885e+04 +2.028950885e+04 +2.041333885e+04 +2.041333885e+04 -4.4753e+00 -8.0045e-01 +2.0480e+00 -3.4838e+00 -3.1353e+00 -2.3665e+00 -4.4967e+00 -1.7297e+00 -4.2339e+00 +2.1099e+00
41 +1.331560515e+04 +1.331560515e+04 +1.343943515e+04 +1.343943515e+04 -2.4718e-01 -1.3620e+00 +1.0311e+00 -3.3623e+00 -2.1710e-01 -7.1642e-01 +9.0696e-01 -1.7778e+00 -2.6805e-01 +2.4545e+00
52 +8.173429834e+03 +8.173429834e+03 +8.297259834e+03 +8.297259834e+03 -4.0889e+00 -2.1312e-01 +1.9386e+00 -1.0088e+00 -7.5625e-01 -2.7036e+00 -3.1519e+00 +9.9869e-02 -3.1940e+00 +1.3859e+00
60 +4.301836625e+03 +4.301836625e+03 +4.425666625e+03 +4.425666625e+03 -4.3872e+00 +6.4909e-01 +5.5246e-01 -3.6382e+00 -1.3822e+00 -5.8570e-01 -1.6235e-01 -1.1242e+00 -1.3571e+00 +1.1794e+00
101 +3.969823718e+03 +3.969823718e+03 +4.093653718e+03 +4.093653718e+03 -4.3872e+00 +6.4909e-01 +5.5246e-01 -3.6382e+00 -1.3822e+00 -1.1415e+00 -1.6235e-01 -1.1242e+00 -1.3571e+00 +1.1794e+00
121 +2.406207470e+03 +2.406207470e+03 +2.530037470e+03 +2.530037470e+03 -3.3495e+00 -9.1553e-01 -2.0519e-01 -2.2100e+00 -1.4420e+00 -1.5570e+00 -3.0468e-01 -7.2907e-01 -1.9453e+00 +1.2068e+00
153 +6.484831103e+02 +6.484831103e+02 +7.723131103e+02 +7.723131103e+02 -3.5189e+00 +6.3470e-01 +8.5120e-01 -2.3399e+00 -1.6901e+00 -1.1687e+00 -1.0876e+00 -2.5356e-01 -9.5213e-01 +1.2030e+00
179 +6.047866297e+02 +6.047866297e+02 +7.286166297e+02 +7.286166297e+02 -3.5189e+00 +6.3470e-01 +8.5120e-01 -2.3399e+00 -1.4078e+00 -1.1687e+00 -1.0876e+00 -2.5356e-01 -9.5213e-01 +1.2030e+00
1606 +3.941477664e+02 +3.941477664e+02 +5.179777664e+02 +5.179777664e+02 -3.5103e+00 +1.6946e-01 +5.4495e-01 -2.3368e+00 -1.4057e+00 -1.5375e+00 -1.3932e+00 -2.7290e-01 -9.6035e-01 +1.2049e+00
% function evaluation | noise-free fitness - Fopt (4.751000000000e+01) | best noise-free fitness - Fopt | measured fitness | best measured fitness | x1 | x2...
1 +1.656928517e+05 +1.656928517e+05 +1.657403617e+05 +1.657403617e+05 -2.6619e+00 +2.3319e+00 -4.8361e+00 +2.5341e+00 -1.9862e+00 -8.1486e-01 -4.1235e+00 -4.8833e+00 -3.3728e+00 -2.3267e+00
2 +8.869692538e+04 +8.869692538e+04 +8.874443538e+04 +8.874443538e+04 +1.1374e-01 -1.0357e-01 +2.5103e+00 +1.3284e+00 -1.0688e+00 +4.8205e+00 +3.8054e-01 -3.3521e+00 -9.8048e-01 -4.7856e-01
4 +5.662324699e+04 +5.662324699e+04 +5.667075699e+04 +5.667075699e+04 +2.7253e+00 -4.2363e-01 -3.3267e+00 -1.8242e+00 +4.4122e+00 +1.5755e+00 +1.7474e+00 -1.3389e+00 +2.7493e+00 +3.3810e+00
28 +1.537419230e+04 +1.537419230e+04 +1.542170230e+04 +1.542170230e+04 +1.1585e-01 -8.9681e-01 -1.2205e+00 -3.7251e+00 -2.4442e+00 +8.6237e-01 -2.2549e+00 -1.9453e+00 +2.6944e+00 +2.5121e-01
42 +7.586256518e+03 +7.586256518e+03 +7.633766518e+03 +7.633766518e+03 +1.1485e-01 -6.9570e-01 +1.4820e+00 -9.0248e-01 -1.6288e+00 +8.9042e-01 -1.5005e-01 -2.1467e+00 +2.0370e+00 -4.4760e-01
98 +4.846514067e+03 +4.846514067e+03 +4.894024067e+03 +4.894024067e+03 -2.3831e-01 +1.3836e+00 -7.2756e-01 -2.2136e+00 -1.5972e+00 +2.2904e-01 -1.1707e+00 -9.2977e-01 -3.2377e-01 -7.0986e-01
110 +2.207710128e+03 +2.207710128e+03 +2.255220128e+03 +2.255220128e+03 +9.2498e-01 +1.6939e+00 +1.5914e+00 -9.1924e-01 -3.5829e-01 +7.7540e-02 -2.6269e-01 +9.1286e-01 +1.8737e+00 -3.2540e-01
139 +1.563437349e+03 +1.563437349e+03 +1.610947349e+03 +1.610947349e+03 +6.2538e-01 -1.4757e-01 +1.6105e+00 -8.4703e-01 -6.6878e-01 -6.1570e-01 -3.3290e-01 -7.5746e-01 +1.8507e+00 +3.2389e-02
142 +8.832246853e+02 +8.832246853e+02 +9.307346853e+02 +9.307346853e+02 +8.3360e-01 +1.9645e-01 +6.4735e-01 -8.6770e-01 -1.1184e+00 +2.9907e-01 -3.0090e-01 +1.8356e-01 +2.4308e+00 -5.8926e-01
278 +5.417803065e+02 +5.417803065e+02 +5.892903065e+02 +5.892903065e+02 +6.2982e-01 +3.8173e-02 +7.7143e-01 -9.1836e-01 -5.7931e-01 +3.1660e-01 -5.6684e-01 -4.1101e-02 +1.9177e+00 -5.3904e-01
% function evaluation | noise-free fitness - Fopt (5.534000000000e+01) | best noise-free fitness - Fopt | measured fitness | best measured fitness | x1 | x2...
1 +7.675347147e+04 +7.675347147e+04 +7.680881147e+04 +7.680881147e+04 -1.6497e+00 +1.5714e+00 +1.1465e+00 -2.3972e+00 -3.2039e+00 +3.9352e+00 +1.6255e+00 +4.2521e+00 +3.9515e+00 +1.0261e+00
3 +5.172872099e+04 +5.172872099e+04 +5.178406099e+04 +5.178406099e+04 -2.8383e+00 +2.7326e-01 +1.9224e+00 -1.1310e+00 -4.8827e-01 +4.9559e+00 +1.3260e+00 +4.0216e+00 -1.9583e+00 +1.0847e+00
29 +2.417123027e+04 +2.417123027e+04 +2.422657027e+04 +2.422657027e+04 +9.8989e-02 -3.2861e+00 +2.9607e+00 +1.0003e+00 -1.2492e+00 +1.0906e+00 +2.4938e+00 +3.3583e+00 -1.7717e-01 -2.5725e+00
43 +9.073787714e+03 +9.073787714e+03 +9.129127714e+03 +9.129127714e+03 -9.4651e-01 -1.7451e+00 +2.2439e+00 -3.1872e-01 -8.4578e-01 +1.4451e+00 +1.4825e+00 +3.8916e+00 -1.9922e-01 -7.9086e-01
87 +1.216942661e+03 +1.216942661e+03 +1.272282661e+03 +1.272282661e+03 +3.7828e-03 -1.5520e-01 +2.2528e+00 -4.6748e-01 +4.0451e-01 +7.0051e-01 +1.8028e+00 -2.6549e-01 -2.3630e-01 -5.7457e-01
176 +6.695522188e+02 +6.695522188e+02 +7.248922188e+02 +7.248922188e+02 -1.0788e-01 -1.1359e-01 +1.9492e+00 +1.0736e-02 +8.1292e-01 +7.1847e-01 +1.4928e+00 -3.3170e-01 -2.0726e-01 -6.7201e-01
213 +5.732669144e+02 +5.732669144e+02 +6.286069144e+02 +6.286069144e+02 -5.1944e-02 -1.9700e-01 +1.7895e+00 -1.1852e-01 +6.4571e-01 +3.8882e-01 +1.6106e+00 -2.7981e-01 -2.5769e-02 -6.7688e-01
256 +3.751980745e+02 +3.751980745e+02 +4.305380745e+02 +4.305380745e+02 +2.3360e-02 -9.4581e-02 +1.4968e+00 -2.0030e-01 +7.9405e-01 +7.1014e-01 +1.6291e+00 -2.1710e-01 -1.5798e-01 -6.8677e-01
3151 +1.874620121e+02 +1.874620121e+02 +2.428020121e+02 +2.428020121e+02 +4.4348e-02 -3.4645e-01 +1.5005e+00 -2.3396e-01 +7.9254e-01 +7.1171e-01 +1.3702e+00 -4.1538e-01 -1.6438e-01 -5.9522e-01
% function evaluation | noise-free fitness - Fopt (-9.033000000000e+01) | best noise-free fitness - Fopt | measured fitness | best measured fitness | x1 | x2...
1 +2.138065513e+04 +2.138065513e+04 +2.129032513e+04 +2.129032513e+04 -3.4578e+00 +4.9133e-01 +2.3050e+00 +3.7659e+00 +2.3615e+00 +3.4759e+00 -1.4173e+00 +2.6769e+00 +1.7891e+00 +1.8580e-01
46 +1.490736652e+04 +1.490736652e+04 +1.481703652e+04 +1.481703652e+04 -2.0309e+00 +4.4691e-01 +2.4416e+00 +1.0762e+00 -3.1269e+00 +1.2577e+00 -1.4884e+00 +1.4739e+00 +6.1499e-01 -1.7842e+00
90 +7.703974703e+03 +7.703974703e+03 +7.613644703e+03 +7.613644703e+03 -5.8478e-01 -4.6554e-01 -1.4852e+00 -6.8003e-01 +2.5833e+00 +2.6428e+00 -3.4041e-01 -1.6817e-01 +1.8582e+00 +1.3486e+00
92 +6.222348990e+03 +6.222348990e+03 +6.132018990e+03 +6.132018990e+03 -1.9347e+00 -1.8707e-01 -1.5927e+00 +5.4705e-01 +1.2544e+00 +2.2500e-01 +1.1917e-01 -6.9315e-02 +2.0884e+00 -1.2081e+00
93 +2.523400203e+03 +2.523400203e+03 +2.433070203e+03 +2.433070203e+03 -1.8380e+00 -8.7254e-01 +3.8748e-01 -6.5931e-01 +2.6788e+00 +1.8114e+00 -3.1255e-01 -4.6144e-01 -5.0672e-01 -2.0179e+00
126 +2.461557574e+03 +2.461557574e+03 +2.371227574e+03 +2.371227574e+03 -1.8380e+00 -8.7254e-01 +1.3835e+00 -6.5931e-01 +2.6788e+00 +1.8114e+00 -3.1255e-01 -4.6144e-01 -5.0672e-01 -2.0179e+00
130 +1.478850658e+03 +1.478850658e+03 +1.388520658e+03 +1.388520658e+03 -1.8380e+00 -8.7254e-01 +3.8748e-01 -6.5931e-01 +2.6788e+00 +1.8114e+00 -1.1970e+00 -4.6144e-01 -5.0672e-01 -2.0179e+00
194 +9.641361101e+02 +9.641361101e+02 +8.738061101e+02 +8.738061101e+02 -4.6321e-01 -1.0459e+00 +4.5213e-01 -3.8332e-01 +2.6795e+00 +1.9570e+00 -3.7007e-01 +5.1740e-01 -3.7385e-01 -1.1179e+00
331 +6.130087075e+02 +6.130087075e+02 +5.226787075e+02 +5.226787075e+02 -1.0303e+00 -9.1421e-01 +7.8040e-01 -4.2863e-01 +2.6792e+00 +1.6406e+00 -1.0575e+00 +4.1203e-02 -2.7429e-01 -1.4463e+00
% function evaluation | noise-free fitness - Fopt (6.561000000000e+01) | best noise-free fitness - Fopt | measured fitness | best measured fitness | x1 | x2...
1 +1.178883965e+05 +1.178883965e+05 +1.179540065e+05 +1.179540065e+05 -2.5799e+00 +1.8569e+00 -2.3872e+00 +1.1084e+00 -1.8094e+00 -1.7888e+00 -3.0169e+00 +4.9094e+00 +2.0985e+00 -3.3905e+00
2 +3.571360696e+04 +3.571360696e+04 +3.577921696e+04 +3.577921696e+04 -2.7059e+00 +2.8428e+00 -3.5998e+00 -1.4761e+00 -3.5586e-01 +2.3975e+00 -1.3108e+00 +1.7299e+00 +1.7339e+00 +3.8436e+00
31 +1.360281828e+04 +1.360281828e+04 +1.366842828e+04 +1.366842828e+04 +3.3004e+00 +3.4214e-01 -2.4657e+00 +9.0365e-01 +1.3317e+00 -7.6720e-02 -9.6380e-02 -1.3647e+00 +7.4689e-01 +3.1187e+00
52 +5.679669953e+03 +5.679669953e+03 +5.745279953e+03 +5.745279953e+03 +1.3052e+00 -9.2537e-01 -1.9483e+00 -1.3828e+00 +1.3425e-01 -9.2724e-01 +7.7559e-01 -5.1273e-01 +1.1352e+00 -6.1318e-01
102 +1.938324197e+03 +1.938324197e+03 +2.003934197e+03 +2.003934197e+03 +2.1252e+00 +2.2479e-01 -1.0883e+00 -2.4888e-01 +3.4435e-01 -3.2470e-01 -2.0722e-01 -4.1901e-01 -2.5218e-01 -4.9798e-01
147 +1.353819280e+03 +1.353819280e+03 +1.419429280e+03 +1.419429280e+03 +2.1252e+00 +2.2479e-01 -1.0883e+00 -2.4888e-01 +3.4435e-01 -3.2470e-01 -2.0722e-01 -4.1901e-01 -2.5218e-01 +9.8082e-01
212 +8.395534777e+02 +8.395534777e+02 +9.051634777e+02 +9.051634777e+02 +1.8299e+00 +2.2649e-01 -1.1086e+00 -2.2273e-01 +4.1079e-01 -5.3663e-01 -2.3278e-01 -3.5241e-01 -1.8064e-01 +4.8003e-01
728 +6.306058796e+02 +6.306058796e+02 +6.962158796e+02 +6.962158796e+02 +1.6938e+00 +2.2778e-01 -1.1163e+00 -1.1436e-01 +4.3547e-01 -6.1104e-01 -2.5965e-01 -2.9978e-01 -1.0573e-01 +5.9553e-01
% function evaluation | noise-free fitness - Fopt (6.306000000000e+01) | best noise-free fitness - Fopt | measured fitness | best measured fitness | x1 | x2...
1 +2.427313804e+05 +2.427313804e+05 +2.427944404e+05 +2.427944404e+05 -2.1915e+00 +4.3601e+00 -3.2176e+00 +4.0264e+00 +2.0916e+00 +1.7169e+00 -2.2455e+00 -4.6470e+00 +4.5414e+00 -4.7832e+00
4 +8.826497630e+04 +8.826497630e+04 +8.832803630e+04 +8.832803630e+04 +1.1370e+00 +2.6912e-01 -9.0463e-01 +4.0866e+00 +1.0724e-01 -2.6169e-01 -3.7924e+00 -3.2298e+00 +4.4815e+00 +1.1628e+00
7 +4.833414924e+04 +4.833414924e+04 +4.839720924e+04 +4.839720924e+04 -4.0988e+00 -6.0811e-02 +2.7130e+00 +3.6498e+00 +3.8218e+00 +1.1082e+00 +7.0154e-01 -8.2459e-01 +2.2652e+00 -1.8835e+00
14 +1.840445875e+04 +1.840445875e+04 +1.846751875e+04 +1.846751875e+04 -4.1869e+00 +2.8758e-01 +2.2307e+00 -2.3021e+00 -1.1007e+00 +2.1199e-01 -2.0856e+00 +1.3790e+00 -1.8002e+00 -1.6242e+00
35 +8.405901246e+03 +8.405901246e+03 +8.468961246e+03 +8.468961246e+03 -3.5366e+00 +2.0230e+00 +1.6168e+00 -1.8703e+00 -4.4361e+00 -2.8705e+00 -2.0029e+00 -3.1667e+00 -2.0190e+00 -1.1105e+00
78 +1.768505328e+03 +1.768505328e+03 +1.831565328e+03 +1.831565328e+03 -5.9654e-01 +1.5959e+00 +7.9005e-01 -9.9871e-01 -2.7316e+00 -9.6509e-01 -1.3014e+00 -1.1023e+00 -9.1130e-01 +1.1738e+00
86 +8.910850255e+02 +8.910850255e+02 +9.541450255e+02 +9.541450255e+02 -1.2492e+00 +2.2318e+00 +8.2484e-01 -4.1478e-01 -3.6856e+00 -2.0945e+00 -1.2163e+00 -1.3777e+00 -1.4911e+00 +6.5185e-02
121 +3.151606190e+02 +3.151606190e+02 +3.782206190e+02 +3.782206190e+02 -1.4872e+00 +2.2578e+00 +3.3364e-02 -4.1847e-01 -1.6759e+00 -1.8391e+00 -1.2365e+00 -1.2358e+00 -5.0122e-01 +6.5604e-02
201 +2.434903454e+02 +2.434903454e+02 +3.065503454e+02 +3.065503454e+02 -1.4835e+00 +2.0344e+00 +1.8022e-01 -3.8230e-01 -2.1175e+00 -1.9900e+00 -1.2389e+00 -1.7717e+00 -7.8395e-01 +6.6295e-02
% function evaluation | noise-free fitness - Fopt (5.193000000000e+01) | best noise-free fitness - Fopt | measured fitness | best measured fitness | x1 | x2...
1 +5.702077141e+04 +5.702077141e+04 +5.707270141e+04 +5.707270141e+04 -9.4186e-01 +2.0359e-01 -1.3813e+00 -3.1413e+00 -4.2910e+00 -3.7966e+00 -2.4614e+00 -4.5133e+00 +4.4172e+00 +1.8347e+00
2 +3.574304972e+04 +3.574304972e+04 +3.579497972e+04 +3.579497972e+04 -1.6344e+00 +4.5895e+00 -3.7328e-01 -2.3920e+00 +2.0069e-01 +1.1007e-01 -2.5344e-01 -2.7230e+00 -2.9900e+00 +1.3466e+00
46 +9.652557261e+03 +9.652557261e+03 +9.704487261e+03 +9.704487261e+03 -1.6648e+00 +6.3493e-01 +1.4040e+00 +8.2023e-01 -1.0110e+00 -7.6497e-01 -2.0817e+00 -2.3444e-01 +2.0110e+00 +1.6182e+00
99 +3.674279916e+03 +3.674279916e+03 +3.726209916e+03 +3.726209916e+03 +1.5131e+00 +2.0657e+00 -1.5912e+00 -1.1586e+00 +1.1759e+00 +2.8170e-01 -1.3490e+00 -1.5381e+00 +1.5472e+00 +9.4522e-01
121 +9.949001915e+02 +9.949001915e+02 +1.046830191e+03 +1.046830191e+03 +1.4463e+00 +1.8862e+00 -5.0390e-01 -1.1514e+00 +1.2142e+00 +9.9463e-02 -1.4210e+00 -5.8056e-01 -4.8817e-01 +4.9291e-02
305 +5.679488325e+02 +5.679488325e+02 +6.198788325e+02 +6.198788325e+02 +1.4490e+00 +1.8285e+00 -6.2982e-01 -1.1511e+00 +8.1806e-02 +1.3963e-01 -1.5356e+00 -8.2601e-01 -4.9822e-01 +7.6629e-02
1395 +3.470962250e+02 +3.470962250e+02 +3.990262250e+02 +3.990262250e+02 +9.0055e-01 +1.7880e+00 -6.2811e-01 -1.0742e+00 +8.5064e-02 +1.4030e-01 -1.3473e+00 -7.6763e-01 -1.6509e-01 +2.8222e-01
% function evaluation | noise-free fitness - Fopt (3.071000000000e+01) | best noise-free fitness - Fopt | measured fitness | best measured fitness | x1 | x2...
1 +5.499375795e+04 +5.499375795e+04 +5.502446795e+04 +5.502446795e+04 -2.2150e+00 +5.5832e-01 +1.2191e+00 -7.5176e-01 +1.5653e+00 -1.8065e-01 -4.4821e+00 +1.5277e-01 -2.2836e+00 +3.6528e+00
5 +3.704689596e+04 +3.704689596e+04 +3.707760596e+04 +3.707760596e+04 +1.5884e-01 +3.0323e+00 -3.3504e+00 +1.6097e-02 -1.2757e+00 -3.2608e+00 -2.8974e+00 +1.2271e+00 -3.5751e+00 +1.3645e+00
8 +2.067955619e+04 +2.067955619e+04 +2.071026619e+04 +2.071026619e+04 +1.6375e+00 +1.7595e+00 -2.6827e+00 +7.1410e-01 -2.4015e+00 +4.6340e-01 -2.2443e+00 +7.2064e-03 +2.4358e+00 -1.6371e-01
40 +1.468738835e+04 +1.468738835e+04 +1.471809835e+04 +1.471809835e+04 +3.9861e-01 -1.1337e+00 -1.4419e+00 -3.7530e+00 +3.3719e+00 +4.3769e-01 +1.5588e+00 +4.0876e-01 +9.0966e-01 -7.4885e-01
41 +6.196807880e+03 +6.196807880e+03 +6.227517880e+03 +6.227517880e+03 -1.7278e+00 -4.8749e-01 +5.5108e-01 -1.4161e+00 +2.7218e+00 +1.5365e-01 -2.9411e+00 +2.7087e-01 -7.3989e-01 -6.1399e-01
85 +2.931798613e+03 +2.931798613e+03 +2.962508613e+03 +2.962508613e+03 -7.0142e-01 -1.7188e-01 -9.4605e-01 -8.7333e-01 +1.1341e+00 -4.6368e-02 +1.0547e+00 +7.5973e-01 +3.7773e-02 +1.5437e+00
98 +1.507415791e+03 +1.507415791e+03 +1.538125791e+03 +1.538125791e+03 -1.9381e+00 +3.9109e-01 +5.5875e-02 -6.9722e-02 +1.4715e+00 +2.1421e-01 +3.9128e-01 +6.2321e-01 +3.1727e-01 -2.5276e-01
137 +7.480725345e+02 +7.480725345e+02 +7.787825345e+02 +7.787825345e+02 -2.1521e-01 -4.4763e-01 +8.9503e-01 +7.1356e-01 +9.4032e-01 +2.2319e+00 -6.9279e-01 +8.4548e-01 +9.1142e-01 +3.0836e-01
163 +3.312293519e+02 +3.312293519e+02 +3.619393519e+02 +3.619393519e+02 +1.4875e-01 -3.9184e-01 +7.2782e-01 +5.9564e-01 +9.4731e-01 +1.0902e+00 -2.5260e-01 +8.0873e-01 +8.9207e-01 +2.6307e-01
187 +1.982771021e+02 +1.982771021e+02 +2.289871021e+02 +2.289871021e+02 -5.9649e-01 -5.4995e-01 +8.7264e-01 +5.6782e-01 +1.2019e+00 +1.3612e+00 -3.8939e-01 +3.3193e-01 +5.8706e-01 +5.6507e-01
233 +1.455114415e+02 +1.455114415e+02 +1.762214415e+02 +1.762214415e+02 -5.4707e-01 -6.4272e-01 +7.1530e-01 +4.8347e-01 +1.2139e+00 +1.3567e+00 -3.8940e-01 +5.3150e-01 +7.2492e-01 +5.1209e-01
289 +9.805576931e+01 +9.805576931e+01 +1.287657693e+02 +1.287657693e+02 -5.2821e-01 -5.5664e-01 +6.9099e-01 +5.1609e-01 +1.2830e+00 +1.1189e+00 -2.1561e-01 +5.6753e-01 +6.7039e-01 +5.9930e-01
% function evaluation | noise-free fitness - Fopt (7.850000000000e+00) | best noise-free fitness - Fopt | measured fitness | best measured fitness | x1 | x2...
1 +1.015183200e+05 +1.015183200e+05 +1.015261700e+05 +1.015261700e+05 +4.5453e+00 -1.7107e+00 +7.1280e-01 -3.8865e+00 +3.0211e+00 +3.5448e+00 -2.9836e+00 -2.5863e+00 +1.8401e+00 -4.3039e+00
3 +2.540574862e+04 +2.540574862e+04 +2.541359862e+04 +2.541359862e+04 +6.8511e-01 +1.4110e+00 +3.3444e-01 +2.1185e+00 -3.0763e+00 +6.0557e-01 +1.2460e-02 +2.2723e+00 +8.3308e-01 -3.5347e+00
45 +1.462504338e+04 +1.462504338e+04 +1.463289338e+04 +1.463289338e+04 -1.0821e+00 +1.2099e+00 +6.1467e-01 +2.0081e+00 -1.4126e+00 +6.7773e-02 +5.6931e-01 +2.0900e+00 +2.8778e-01 -3.0685e+00
46 +1.564551389e+03 +1.564551389e+03 +1.572401389e+03 +1.572401389e+03 +1.5450e+00 +1.1903e-01 -2.2965e+00 +5.4611e-01 +7.5721e-01 +3.8167e-01 +5.7236e-02 +4.2211e-01 +4.3802e-01 +4.3185e-01
93 +4.827185430e+02 +4.827185430e+02 +4.905685430e+02 +4.905685430e+02 +1.5011e+00 +3.8846e-01 +4.0943e-01 +9.4495e-01 +7.8428e-01 -1.8967e-01 +5.2759e-01 +5.1940e-01 -3.6549e-01 -1.1489e+00
143 +3.658169337e+02 +3.658169337e+02 +3.736669337e+02 +3.736669337e+02 +1.5011e+00 +3.8846e-01 +4.0943e-01 +9.4495e-01 +7.8428e-01 -1.8967e-01 +5.2759e-01 +5.1940e-01 -3.6549e-01 -2.5916e-01
236 +2.305916273e+02 +2.305916273e+02 +2.384416273e+02 +2.384416273e+02 +1.2311e+00 +3.4598e-01 +3.0358e-01 +8.1723e-01 +4.6247e-01 -1.7049e-01 +2.4800e-01 +5.9382e-01 -2.2086e-01 -9.5739e-01
% function evaluation | noise-free fitness - Fopt (3.191000000000e+01) | best noise-free fitness - Fopt | measured fitness | best measured fitness | x1 | x2...
1 +2.585689137e+05 +2.585689137e+05 +2.586008237e+05 +2.586008237e+05 +1.9819e+00 +9.3387e-01 +4.9803e+00 +3.3712e+00 +4.0205e+00 +3.0597e+00 -3.3673e+00 -7.9694e-01 -2.9593e+00 +3.6291e+00
3 +1.355916157e+05 +1.355916157e+05 +1.356235257e+05 +1.356235257e+05 +2.5444e+00 -8.1910e-01 +4.9008e+00 -3.9553e+00 -1.1831e+00 +2.1251e-01 -3.0636e+00 +2.3983e+00 +1.4066e+00 -1.2656e+00
21 +3.589362317e+04 +3.589362317e+04 +3.592553317e+04 +3.592553317e+04 -3.4663e-01 -3.2708e-01 -1.8659e+00 +1.2021e+00 -2.5865e+00 +5.8289e-01 -1.6372e-01 +3.0822e+00 -2.7249e+00 +1.2842e+00
41 +1.341715539e+04 +1.341715539e+04 +1.344906539e+04 +1.344906539e+04 +1.3919e-01 -1.8815e-02 -3.2115e-01 +1.2580e+00 +2.0715e+00 +1.6637e+00 -8.4597e-01 +4.2553e-01 -2.8447e+00 +2.3151e+00
66 +4.478867700e+03 +4.478867700e+03 +4.510777700e+03 +4.510777700e+03 -6.2752e-02 +3.5149e-01 -1.7976e+00 +1.1028e+00 +6.0966e-01 -1.9059e+00 +5.3450e-01 +2.9701e-01 -1.3766e+00 -3.7176e-01
84 +1.782175110e+03 +1.782175110e+03 +1.814085110e+03 +1.814085110e+03 -6.2752e-02 +3.5149e-01 -1.7976e+00 +1.1028e+00 +6.0966e-01 +2.9321e-01 +5.3450e-01 +2.9701e-01 -1.3766e+00 -3.7176e-01
97 +1.470409338e+03 +1.470409338e+03 +1.502319338e+03 +1.502319338e+03 -6.2752e-02 +3.5149e-01 -1.7976e+00 +1.1028e+00 +6.0966e-01 -9.5889e-02 +5.3450e-01 +2.9701e-01 -1.3766e+00 -3.7176e-01
165 +7.202164634e+02 +7.202164634e+02 +7.521264634e+02 +7.521264634e+02 +2.0264e-01 +1.2360e-01 -1.5008e+00 +9.2265e-01 -2.6191e-01 -4.5142e-01 +2.7368e-01 -2.2181e-01 -1.3483e+00 -5.3867e-01
204 +5.246198439e+02 +5.246198439e+02 +5.565298439e+02 +5.565298439e+02 +7.8606e-02 +3.4936e-01 -1.4702e+00 +7.7697e-01 -1.8785e-01 -3.7439e-01 +1.8912e-01 -1.0435e-01 -1.4401e+00 -3.4484e-01
% function evaluation | noise-free fitness - Fopt (-1.909000000000e+01) | best noise-free fitness - Fopt | measured fitness | best measured fitness | x1 | x2...
1 +4.319113932e+05 +4.319113932e+05 +4.318923032e+05 +4.318923032e+05 +7.0950e-01 +1.6552e+00 -2.8670e+00 -3.3201e+00 +4.2926e+00 -3.2428e+00 +1.9125e+00 -3.6221e+00 +4.2232e+00 +4.5236e+00
2 +2.920605249e+05 +2.920605249e+05 +2.920414349e+05 +2.920414349e+05 -2.8767e+00 +2.5513e+00 +1.6795e+00 -4.1644e+00 -6.7894e-01 -4.6068e+00 +4.4988e+00 -2.7049e+00 +3.8140e+00 -3.7720e+00
5 +1.938304393e+05 +1.938304393e+05 +1.938113493e+05 +1.938113493e+05 -2.8789e+00 +3.5575e+00 -1.8138e+00 -1.0097e+00 +4.8278e+00 -1.8212e+00 +3.7780e+00 +4.5359e+00 -5.7022e-02 -3.9456e+00
6 +1.327269902e+05 +1.327269902e+05 +1.327079002e+05 +1.327079002e+05 +1.8298e+00 -4.2140e+00 +3.3375e+00 +4.2169e+00 -1.5512e+00 +1.3139e+00 +2.7324e+00 +3.3570e+00 -3.2212e+00 -1.5224e-01
7 +5.707211368e+04 +5.707211368e+04 +5.705302368e+04 +5.705302368e+04 +4.4141e-01 +1.2809e+00 -2.9504e+00 +2.6753e+00 +2.2087e+00 +4.9740e+00 +2.1316e+00 +9.4593e-01 +2.0003e-01 -2.8354e+00
10 +3.962730700e+04 +3.962730700e+04 +3.960821700e+04 +3.960821700e+04 +1.2311e+00 -4.1116e-01 -4.0648e-01 +3.8011e+00 -2.2864e+00 -1.1137e+00 -1.3598e-01 +4.2681e+00 +4.3087e-01 -3.1583e+00
18 +1.927448076e+04 +1.927448076e+04 +1.925539076e+04 +1.925539076e+04 +1.5761e+00 -4.3131e-01 -4.0027e+00 -7.3532e-01 +2.2316e-01 +6.0196e-01 +2.9834e+00 -8.4537e-03 +8.7250e-01 -3.1065e-01
50 +3.462344158e+03 +3.462344158e+03 +3.443254158e+03 +3.443254158e+03 +1.2396e+00 -4.1953e-01 -1.1847e+00 +6.2652e-01 -1.0155e+00 -5.0569e-01 +1.1345e+00 +9.1316e-01 +7.4369e-01 -1.5860e+00
90 +1.876834663e+03 +1.876834663e+03 +1.857744663e+03 +1.857744663e+03 +8.4939e-02 +3.1827e-01 -1.8948e+00 +1.3239e+00 +9.3800e-02 +8.1462e-01 -1.0035e+00 -5.5827e-01 +1.0817e+00 -1.1403e+00
121 +1.473928892e+03 +1.473928892e+03 +1.454838892e+03 +1.454838892e+03 +5.7289e-01 +5.2407e-01 -7.2327e-01 +5.2070e-01 +1.0713e+00 -2.2821e-02 +1.3020e+00 -2.8804e-01 +1.2712e+00 -1.0785e+00
143 +7.725470900e+02 +7.725470900e+02 +7.534570900e+02 +7.534570900e+02 +4.5623e-01 +5.8912e-01 -1.0862e+00 +5.5236e-01 +5.0345e-01 +3.4820e-01 +4.3347e-01 -3.4240e-02 +8.3290e-01 -1.3639e+00
175 +3.122409718e+02 +3.122409718e+02 +2.931509718e+02 +2.931509718e+02 +5.6640e-01 +8.6727e-01 +2.8977e-01 +5.4687e-01 -1.7904e-01 +5.4334e-01 +3.7683e-01 -3.1746e-01 +6.1076e-01 -1.1882e+00
314 +2.128348585e+02 +2.128348585e+02 +1.937448585e+02 +1.937448585e+02 +5.4345e-01 +8.6893e-01 +2.5874e-01 +5.4647e-01 -6.7033e-02 +5.2662e-01 +3.9402e-01 -1.7554e-01 +6.4387e-01 -8.0944e-01
913 +1.281882811e+02 +1.281882811e+02 +1.090982811e+02 +1.090982811e+02 +2.2080e-01 +8.6744e-01 +2.0535e-01 +5.4646e-01 -6.3126e-02 +5.2663e-01 +3.9437e-01 -1.1146e-02 +6.3736e-01 -8.1130e-01
% function evaluation | noise-free fitness - Fopt (-1.358500000000e+02) | best noise-free fitness - Fopt | measured fitness | best measured fitness | x1 | x2...
1 +1.093878345e+05 +1.093878345e+05 +1.092519845e+05 +1.092519845e+05 -2.1589e+00 -1.4041e+00 +3.9535e+00 -2.6026e+00 -3.5950e+00 +7.6206e-01 +8.3414e-02 -4.8453e+00 +5.6150e-02 -3.4323e+00
3 +3.792380456e+04 +3.792380456e+04 +3.778795456e+04 +3.778795456e+04 +3.9921e+00 +3.1564e-01 +2.3163e+00 -3.0300e-01 +1.0929e+00 -2.3540e+00 +9.9162e-01 -9.2270e-01 +2.0777e+00 +3.1477e+00
20 +2.509038667e+04 +2.509038667e+04 +2.495453667e+04 +2.495453667e+04 +2.2531e+00 +1.0818e+00 -2.3709e+00 -5.2687e-01 +4.9756e+00 +1.6809e+00 -1.9953e-01 +4.2271e+00 +8.0227e-01 -1.1667e+00
44 +5.520226488e+03 +5.520226488e+03 +5.384376488e+03 +5.384376488e+03 +1.4872e+00 +5.8654e-01 -2.1722e+00 +1.5389e+00 +1.3011e+00 +1.6212e+00 -1.9598e-01 +1.6673e+00 +2.4225e+00 +1.7338e+00
86 +2.429597996e+03 +2.429597996e+03 +2.293747996e+03 +2.293747996e+03 +1.8722e+00 +1.3784e+00 -8.8456e-01 +9.2694e-01 +2.0339e+00 +1.0485e+00 +1.1787e-01 +1.1202e+00 +1.8828e+00 -1.9631e+00
122 +1.518517483e+03 +1.518517483e+03 +1.382667483e+03 +1.382667483e+03 +1.4800e+00 -7.9809e-01 -1.8468e+00 +4.4648e-01 +1.3416e+00 +1.3148e+00 -2.9721e-01 +1.7018e-01 +2.3668e+00 +1.1921e+00
134 +8.190683911e+02 +8.190683911e+02 +6.832183911e+02 +6.832183911e+02 +1.4847e+00 -2.1975e-01 -2.1287e+00 +6.9288e-01 +1.3220e+00 +7.1400e-01 -8.0085e-01 +3.7922e-01 +2.3707e+00 +1.5264e+00
186 +5.968752295e+02 +5.968752295e+02 +4.610252295e+02 +4.610252295e+02 +1.4847e+00 -2.1975e-01 -2.1287e+00 +6.9288e-01 +1.3220e+00 +7.1400e-01 -8.0085e-01 +3.7922e-01 +1.9528e+00 +1.5264e+00
421 +3.860455814e+02 +3.860455814e+02 +2.501955814e+02 +2.501955814e+02 +1.8321e+00 -4.6121e-01 -2.0284e+00 +1.0020e+00 +1.2690e+00 +7.1228e-01 -7.6539e-01 +3.9412e-01 +2.0856e+00 +1.1682e+00
% function evaluation | noise-free fitness - Fopt (-8.861000000000e+01) | best noise-free fitness - Fopt | measured fitness | best measured fitness | x1 | x2...
1 +1.755631767e+05 +1.755631767e+05 +1.754745667e+05 +1.754745667e+05 -4.9416e+00 -9.8611e-01 +4.4594e+00 +8.8505e-01 -2.7145e+00 +1.8898e+00 +2.2116e+00 +3.3144e+00 +4.7351e+00 +8.7040e-01
2 +8.376156512e+04 +8.376156512e+04 +8.367295512e+04 +8.367295512e+04 +2.2008e+00 +2.6698e+00 -1.3348e+00 -1.5995e+00 +2.7264e+00 +9.8328e-01 -4.2504e+00 +2.9918e+00 -6.9812e-01 +2.7646e+00
3 +3.238142294e+04 +3.238142294e+04 +3.229281294e+04 +3.229281294e+04 -2.0967e+00 +1.1344e-01 -7.7796e-01 -2.0961e+00 +5.9928e-01 +3.0815e+00 -2.0422e-01 -2.7275e+00 +2.8065e+00 -8.3527e-01
31 +1.096629396e+04 +1.096629396e+04 +1.087768396e+04 +1.087768396e+04 +8.0902e-01 +9.7326e-01 -6.3938e-01 -2.3949e-02 +9.2817e-01 +2.6537e+00 -2.8527e+00 +5.7118e-01 +8.7956e-01 -1.6484e+00
44 +8.940603872e+03 +8.940603872e+03 +8.851993872e+03 +8.851993872e+03 +2.4147e+00 +1.1497e+00 +6.6719e-02 -4.6687e-01 -1.8689e+00 +9.8448e-01 -2.7343e+00 -2.5033e+00 +8.7886e-01 -2.7065e-01
56 +5.410789856e+03 +5.410789856e+03 +5.322179856e+03 +5.322179856e+03 +8.9886e-01 -6.6814e-01 +6.5261e-01 -4.3949e+00 +8.0409e-01 -8.9099e-01 -8.7272e-01 +1.2784e+00 -3.7129e-02 -1.4151e+00
89 +2.715977589e+03 +2.715977589e+03 +2.627367589e+03 +2.627367589e+03 +8.2157e-01 -5.2465e-01 -7.4148e-01 +3.2938e-01 -4.7196e-01 -9.1412e-01 -1.7639e+00 -1.0161e+00 +2.6170e+00 -2.2687e+00
113 +2.164224130e+03 +2.164224130e+03 +2.075614130e+03 +2.075614130e+03 +9.1931e-01 -5.8866e-01 -6.4408e-01 +3.5737e-01 -1.6445e+00 -1.0743e+00 +7.4133e-01 -1.9487e+00 +7.0931e-01 -2.2376e+00
122 +1.567146842e+03 +1.567146842e+03 +1.478536842e+03 +1.478536842e+03 +9.1758e-01 +1.0563e-01 -9.8058e-01 +3.5457e-01 -1.6124e+00 -8.2796e-01 -2.2981e-01 -1.5907e+00 +3.3124e-01 -1.3594e+00
146 +9.177669124e+02 +9.177669124e+02 +8.291569124e+02 +8.291569124e+02 +1.0322e+00 -5.9895e-01 -4.1780e-01 +3.6474e-01 -1.5074e+00 -1.0721e+00 +5.9991e-01 -7.6258e-01 +5.9396e-01 -2.2042e+00
162 +5.534923928e+02 +5.534923928e+02 +4.648823928e+02 +4.648823928e+02 +1.0322e+00 -5.9895e-01 -4.1780e-01 +3.6474e-01 -1.5074e+00 -1.0721e+00 +5.9991e-01 -7.6258e-01 +5.9396e-01 -1.7022e+00
201 +3.934458077e+02 +3.934458077e+02 +3.048358077e+02 +3.048358077e+02 +3.3571e-01 -6.0189e-01 -4.3484e-01 +4.1762e-01 -1.6081e+00 -1.0534e+00 +6.1850e-01 -7.8705e-01 +7.6218e-01 -1.7645e+00
328 +2.404627613e+02 +2.404627613e+02 +1.518527613e+02 +1.518527613e+02 +5.7125e-01 -9.8132e-01 -4.3402e-01 +4.8506e-01 -1.4230e+00 -9.0427e-01 +6.0794e-01 -8.4047e-01 +6.6540e-01 -1.7620e+00
% function evaluation | noise-free fitness - Fopt (1.856300000000e+02) | best noise-free fitness - Fopt | measured fitness | best measured fitness | x1 | x2...
1 +8.454833601e+04 +8.454833601e+04 +8.473396601e+04 +8.473396601e+04 -1.4974e+00 +3.3440e+00 -1.4586e-01 +1.6880e+00 -3.6999e+00 -3.4021e+00 +2.7435e+00 +2.5430e+00 +1.0815e+00 +1.5886e+00
7 +2.749870087e+04 +2.749870087e+04 +2.768433087e+04 +2.768433087e+04 +3.7432e+00 -2.7797e+00 +1.9679e+00 -4.9327e+00 +3.2416e+00 +1.2374e+00 +2.3408e+00 -2.2024e-02 +2.7903e+00 +2.4535e-01
39 +1.429834514e+04 +1.429834514e+04 +1.448397514e+04 +1.448397514e+04 -1.9037e+00 +8.2633e-01 -3.2970e+00 +2.2438e+00 +3.2852e+00 -1.4370e+00 -3.9287e+00 -6.6457e-01 -3.8873e+00 -3.7379e+00
48 +4.352504622e+03 +4.352504622e+03 +4.538134622e+03 +4.538134622e+03 -3.3627e+00 +8.3907e-01 -3.2476e+00 +1.4761e+00 +5.4819e-01 -1.6384e+00 +9.9868e-01 -1.3739e+00 +8.9079e-01 -6.3349e-01
87 +1.189555275e+03 +1.189555275e+03 +1.375185275e+03 +1.375185275e+03 -1.6420e+00 +2.6889e-01 -9.8696e-01 +1.1647e+00 +1.2147e+00 -1.5016e+00 +5.1791e-01 -1.2492e+00 -8.8818e-01 -7.6308e-01
143 +6.361994288e+02 +6.361994288e+02 +8.218294288e+02 +8.218294288e+02 -1.6420e+00 +2.6889e-01 -9.8696e-01 +1.1647e+00 +1.2147e+00 -1.5016e+00 -1.5352e+00 -1.2492e+00 -8.8818e-01 -7.6308e-01
169 +5.629186554e+02 +5.629186554e+02 +7.485486554e+02 +7.485486554e+02 -1.6420e+00 +2.6889e-01 -9.8696e-01 +1.1755e+00 +1.2147e+00 -1.5016e+00 -1.2710e+00 -1.2492e+00 -8.8818e-01 -7.6308e-01
2328 +3.918315433e+02 +3.918315433e+02 +5.774615433e+02 +5.774615433e+02 -1.6531e+00 +2.6770e-01 -1.1049e+00 +1.2353e+00 +8.7796e-01 -1.5309e+00 -5.8954e-01 -1.3531e+00 -2.0485e-01 -7.5895e-01
% function evaluation | noise-free fitness - Fopt (8.131000000000e+01) | best noise-free fitness - Fopt | measured fitness | best measured fitness | x1 | x2...
1 +5.029452824e+04 +5.029452824e+04 +5.037583824e+04 +5.037583824e+04 +3.6231e+00 -6.2481e-01 +5.2449e-02 +2.4012e+00 -1.8522e+00 -4.9188e+00 +2.3922e+00 -1.4106e+00 +8.0518e-02 +2.0533e-01
41 +2.926801686e+04 +2.926801686e+04 +2.934932686e+04 +2.934932686e+04 +2.7260e+00 -1.2544e+00 -7.3305e-01 +1.1255e+00 +1.6690e-01 -3.7533e+00 +2.5921e+00 +3.4076e+00 +8.2608e-01 +9.3061e-01
44 +2.378266479e+04 +2.378266479e+04 +2.386397479e+04 +2.386397479e+04 -9.3735e-01 -5.3990e-01 -2.4523e-01 -2.4114e-01 +1.0671e+00 +1.5563e-01 -3.1783e+00 +3.4367e+00 -1.4533e+00 +1.4671e+00
53 +8.309396741e+03 +8.309396741e+03 +8.390706741e+03 +8.390706741e+03 -6.0176e-01 -1.1775e+00 -2.0219e+00 -7.7000e-01 -4.2090e-01 -2.6723e+00 +2.6635e+00 +2.9051e-01 -1.6933e+00 -6.2748e-01
80 +5.614398999e+03 +5.614398999e+03 +5.695708999e+03 +5.695708999e+03 +4.7504e-01 -1.7865e+00 -2.9874e-01 +3.4762e-01 -1.0345e+00 +1.1150e+00 +2.3965e+00 -1.6965e+00 -1.2971e+00 +7.7919e-01
93 +3.701720498e+03 +3.701720498e+03 +3.783030498e+03 +3.783030498e+03 +4.7504e-01 -1.7865e+00 -2.9874e-01 +3.4762e-01 -1.0345e+00 +3.9166e-02 +2.3965e+00 -1.6965e+00 -1.2971e+00 +7.7919e-01
121 +2.425574185e+03 +2.425574185e+03 +2.506884185e+03 +2.506884185e+03 +1.0208e-01 -1.8734e+00 -3.0463e-03 -2.8752e-02 +5.5722e-01 +1.1990e+00 +7.6174e-01 +5.4105e-01 +1.0330e+00 +2.1065e+00
230 +1.554797993e+03 +1.554797993e+03 +1.636107993e+03 +1.636107993e+03 +1.0316e-01 -2.0109e+00 -2.9102e-02 -1.0916e-01 +2.7938e-01 +4.3994e-01 +9.4628e-01 +5.3889e-01 +1.0085e+00 +2.1215e+00
253 +9.708465654e+02 +9.708465654e+02 +1.052156565e+03 +1.052156565e+03 +1.0208e-01 -1.8734e+00 -3.0463e-03 -2.8752e-02 -5.8874e-01 +5.9622e-01 +7.6174e-01 +5.4105e-01 +1.0330e+00 +2.1065e+00
