% function evaluation | noise-free fitness - Fopt (1.238300000000e+02) | best noise-free fitness - Fopt | measured fitness | best measured fitness | x1 | x2...
1 +1.208750282e+04 +1.208750282e+04 +1.221133282e+04 +1.221133282e+04 -2.1374e+00 -2.3512e+00 -6.9537e-01 -3.2617e+00 +2.6159e+00
6 +9.080391987e+03 +9.080391987e+03 +9.204221987e+03 +9.204221987e+03 +5.9643e-01 +2.7071e+00 -3.6828e-02 +3.7218e-01 -3.8271e+00
12 +4.907068663e+03 +4.907068663e+03 +5.030898663e+03 +5.030898663e+03 -1.4507e+00 -1.7305e+00 +2.4043e-03 -5.2835e-01 +1.7696e+00
27 +3.542458975e+03 +3.542458975e+03 +3.666288975e+03 +3.666288975e+03 +1.5284e+00 -2.3476e+00 -2.3767e+00 -1.4740e+00 -9.4344e-01
34 +1.223930899e+03 +1.223930899e+03 +1.347760899e+03 +1.347760899e+03 +1.1095e+00 -9.3219e-01 +2.0457e-01 -3.4289e+00 +1.3609e+00
42 +8.510530577e+02 +8.510530577e+02 +9.748830577e+02 +9.748830577e+02 -2.7011e-02 -1.2802e-01 -5.0395e-01 -2.3940e+00 +1.3151e-01
68 +4.491384855e+02 +4.491384855e+02 +5.729684855e+02 +5.729684855e+02 +1.5611e+00 -5.2337e-01 +6.0960e-02 -1.4038e+00 +6.8129e-01
81 +2.619133523e+02 +2.619133523e+02 +3.857433523e+02 +3.857433523e+02 +9.9845e-01 -1.1909e+00 +1.1678e-01 -2.0659e+00 +9.5864e-01
119 +2.049058213e+02 +2.049058213e+02 +3.287358213e+02 +3.287358213e+02 +7.7962e-01 -6.1134e-01 +1.2218e-01 -1.0796e+00 +6.7561e-01
161 +1.572702170e+02 +1.572702170e+02 +2.811002170e+02 +2.811002170e+02 +7.7962e-01 -7.9677e-01 +1.5353e-01 -1.0796e+00 +6.7561e-01
219 +9.959794775e+01 +9.959794775e+01 +2.234279477e+02 +2.234279477e+02 +7.0049e-01 -1.2444e+00 +6.3026e-01 -1.1425e+00 +6.7675e-01
1608 +6.307569985e+01 +6.307569985e+01 +1.869056998e+02 +1.869056998e+02 +9.0633e-01 -1.3114e+00 +4.3099e-01 -1.0386e+00 +7.5978e-01
% function evaluation | noise-free fitness - Fopt (4.751000000000e+01) | best noise-free fitness - Fopt | measured fitness | best measured fitness | x1 | x2...
1 +1.068044061e+04 +1.068044061e+04 +1.072795061e+04 +1.072795061e+04 +3.6229e+00 +4.2133e+00 -2.2328e-01 +3.8748e+00 -2.4935e+00
6 +8.964162185e+03 +8.964162185e+03 +9.011672185e+03 +9.011672185e+03 -4.7241e+00 -3.5088e+00 -3.7621e-01 -2.0408e+00 -3.0467e-01
7 +1.567567977e+03 +1.567567977e+03 +1.615077977e+03 +1.615077977e+03 -3.6998e-01 -8.5363e-02 +1.1369e+00 +2.5668e+00 -1.2814e+00
46 +7.980820355e+02 +7.980820355e+02 +8.455920355e+02 +8.455920355e+02 -2.7721e+00 -7.8260e-01 -1.8159e-01 -5.3409e-01 +9.0302e-01
79 +2.873446090e+02 +2.873446090e+02 +3.348546090e+02 +3.348546090e+02 -1.3644e+00 -7.6133e-01 +9.8759e-01 -4.1732e-01 -6.2036e-01
83 +2.135866088e+02 +2.135866088e+02 +2.610966088e+02 +2.610966088e+02 +1.5050e-01 -8.2637e-01 +1.3225e+00 -2.9294e-01 -2.5672e-02
93 +1.479178991e+02 +1.479178991e+02 +1.954278991e+02 +1.954278991e+02 -1.3644e+00 -7.6133e-01 +9.8759e-01 +1.4306e-01 -6.2036e-01
121 +7.222542610e+01 +7.222542610e+01 +1.197354261e+02 +1.197354261e+02 -8.4445e-01 -1.1423e-01 +8.7894e-01 +1.2634e-01 -7.0688e-01
162 +5.204580568e+01 +5.204580568e+01 +9.955580568e+01 +9.955580568e+01 -1.1454e+00 -1.9214e-01 +8.8693e-01 +2.3385e-01 -8.0908e-02
218 +3.885166224e+01 +3.885166224e+01 +8.636166224e+01 +8.636166224e+01 -9.5849e-01 -1.4774e-01 +2.0569e-01 -6.3311e-02 -1.0212e-01
222 +2.341640284e+01 +2.341640284e+01 +7.092640284e+01 +7.092640284e+01 -8.5997e-01 -1.1541e-01 +8.8304e-01 +2.3117e-01 -1.3951e-01
% function evaluation | noise-free fitness - Fopt (5.534000000000e+01) | best noise-free fitness - Fopt | measured fitness | best measured fitness | x1 | x2...
1 +1.126904280e+05 +1.126904280e+05 +1.127457680e+05 +1.127457680e+05 +1.9405e+00 +4.0048e+00 +2.3583e+00 -4.1734e+00 -1.9494e+00
3 +2.893052719e+04 +2.893052719e+04 +2.898586719e+04 +2.898586719e+04 -3.9748e+00 -4.2574e+00 +4.3787e+00 +4.1327e+00 -3.7634e+00
4 +1.526511699e+03 +1.526511699e+03 +1.581851699e+03 +1.581851699e+03 -1.1201e+00 +2.3661e-01 +2.2428e-01 +1.2706e+00 +2.5032e+00
54 +3.673708466e+02 +3.673708466e+02 +4.227108466e+02 +4.227108466e+02 -1.1835e+00 +1.7440e-01 -3.9524e-01 +4.5344e-01 +2.2100e+00
142 +2.026954784e+02 +2.026954784e+02 +2.580354784e+02 +2.580354784e+02 -1.0937e+00 +1.4414e-01 -9.0052e-01 +5.9529e-01 +2.2394e+00
147 +1.506457261e+02 +1.506457261e+02 +2.059857261e+02 +2.059857261e+02 -1.1572e+00 +1.8242e-01 -4.5584e-01 +9.6563e-01 +1.6617e+00
160 +8.287477653e+01 +8.287477653e+01 +1.382147765e+02 +1.382147765e+02 -7.7995e-01 -2.7416e-02 -3.6520e-01 +2.5919e-01 +6.9629e-01
162 +5.521330610e+01 +5.521330610e+01 +1.105533061e+02 +1.105533061e+02 -5.1979e-01 -2.0207e-02 -2.6416e-01 +4.3936e-01 +1.3233e+00
163 +3.812596096e+01 +3.812596096e+01 +9.346596096e+01 +9.346596096e+01 -9.4746e-01 +5.1319e-02 -3.6328e-01 +4.6425e-01 +1.3743e+00
270 +2.404402655e+01 +2.404402655e+01 +7.938402655e+01 +7.938402655e+01 -9.5789e-01 +5.3297e-02 -4.1458e-01 +6.3723e-01 +1.4726e+00
370 +1.361008928e+01 +1.361008928e+01 +6.895008928e+01 +6.895008928e+01 -8.5476e-01 +6.0406e-04 -4.1215e-01 +6.1539e-01 +1.4252e+00
907 +9.620810293e+00 +9.620810293e+00 +6.496081029e+01 +6.496081029e+01 -8.4821e-01 -2.3340e-02 -4.1258e-01 +5.7120e-01 +1.4239e+00
% function evaluation | noise-free fitness - Fopt (-9.033000000000e+01) | best noise-free fitness - Fopt | measured fitness | best measured fitness | x1 | x2...
1 +1.631882481e+05 +1.631882481e+05 +1.630979181e+05 +1.630979181e+05 +3.6053e+00 +2.2022e+00 -1.1743e+00 -4.0081e+00 +3.6209e+00
2 +8.256088408e+04 +8.256088408e+04 +8.247055408e+04 +8.247055408e+04 +3.4301e+00 -1.3594e-01 -1.2172e+00 -3.5428e-02 -4.8314e+00
4 +2.347312169e+04 +2.347312169e+04 +2.338279169e+04 +2.338279169e+04 +1.2519e+00 -3.3181e+00 +1.3977e+00 -2.9582e+00 -3.1252e+00
5 +2.098096417e+02 +2.098096417e+02 +1.194796417e+02 +1.194796417e+02 +6.9396e-01 +9.5682e-01 -2.7051e-01 -7.1769e-01 -3.4417e-01
82 +7.795909533e+01 +7.795909533e+01 -1.237090467e+01 -1.237090467e+01 -6.8613e-01 +4.7060e-01 -2.9059e-01 +9.4993e-01 -8.8281e-01
137 +4.902818162e+01 +4.902818162e+01 -4.130181838e+01 -4.130181838e+01 +9.6555e-03 +4.3714e-01 +3.6229e-02 -2.7433e-01 +1.7674e-02
178 +2.921902319e+01 +2.921902319e+01 -6.111097681e+01 -6.111097681e+01 -1.6222e-02 -2.4247e-01 +1.4007e-01 +8.9586e-02 +1.4621e-02
201 +2.182259399e+01 +2.182259399e+01 -6.850740601e+01 -6.850740601e+01 +4.3097e-02 -6.0624e-02 +4.7840e-02 +1.0381e-01 +3.1701e-02
251 +1.515310362e+01 +1.515310362e+01 -7.517689638e+01 -7.517689638e+01 +1.2240e-01 -1.8529e-01 +3.2436e-02 +3.2577e-02 +5.0735e-03
2352 +9.016871099e+00 +9.016871099e+00 -8.131312890e+01 -8.131312890e+01 +3.3831e-01 -2.4180e-01 +2.7541e-02 +5.0810e-02 +1.1241e-02
% function evaluation | noise-free fitness - Fopt (6.561000000000e+01) | best noise-free fitness - Fopt | measured fitness | best measured fitness | x1 | x2...
1 +3.752079645e+05 +3.752079645e+05 +3.752735745e+05 +3.752735745e+05 -4.8073e+00 +3.9469e+00 -4.8624e+00 +4.9745e+00 +1.9337e+00
2 +6.383587345e+04 +6.383587345e+04 +6.390148345e+04 +6.390148345e+04 +1.1745e+00 +3.3121e+00 -1.2533e+00 -1.8529e+00 +3.6305e+00
3 +3.599111458e+04 +3.599111458e+04 +3.605672458e+04 +3.605672458e+04 +3.2467e+00 -1.5875e+00 +4.1398e+00 +1.3139e+00 +8.2555e-01
8 +2.146387983e+04 +2.146387983e+04 +2.152948983e+04 +2.152948983e+04 +2.8211e+00 +2.6270e+00 +1.0486e+00 +2.7426e+00 -2.0513e+00
11 +5.137448453e+03 +5.137448453e+03 +5.203058453e+03 +5.203058453e+03 +1.7371e+00 +9.3091e-01 -5.2757e-02 +3.0766e+00 +8.9532e-01
47 +1.819542964e+03 +1.819542964e+03 +1.885152964e+03 +1.885152964e+03 -1.2508e+00 -5.1019e-01 -2.7649e+00 +3.5506e-01 +7.8111e-01
55 +3.356289215e+02 +3.356289215e+02 +4.012389215e+02 +4.012389215e+02 +1.4916e+00 +1.5802e-01 +4.9520e-01 +8.6521e-01 +1.2451e+00
64 +9.918544049e+01 +9.918544049e+01 +1.647954405e+02 +1.647954405e+02 -7.2899e-02 +6.7228e-01 +6.7127e-01 +2.4206e-01 +5.7702e-01
127 +5.981206040e+01 +5.981206040e+01 +1.254220604e+02 +1.254220604e+02 +1.3524e-01 +8.4857e-01 +6.5918e-01 +3.4401e-01 +4.3539e-01
147 +3.876084464e+01 +3.876084464e+01 +1.043708446e+02 +1.043708446e+02 +3.4865e-01 +7.3038e-01 +5.5598e-01 +2.8808e-01 +1.0778e-01
172 +1.960737676e+01 +1.960737676e+01 +8.521737676e+01 +8.521737676e+01 +3.7208e-01 +4.0573e-01 +4.4193e-01 +4.6937e-01 +1.0702e-01
558 +1.544084388e+01 +1.544084388e+01 +8.105084388e+01 +8.105084388e+01 +3.0177e-01 +3.7805e-01 +5.9846e-01 +3.2887e-01 +8.2055e-03
% function evaluation | noise-free fitness - Fopt (6.306000000000e+01) | best noise-free fitness - Fopt | measured fitness | best measured fitness | x1 | x2...
1 +4.626423068e+04 +4.626423068e+04 +4.632729068e+04 +4.632729068e+04 +1.3448e+00 +2.5678e+00 +4.4830e+00 +1.0083e+00 -4.4446e+00
3 +7.272671537e+03 +7.272671537e+03 +7.335731537e+03 +7.335731537e+03 -2.6195e+00 +6.8465e-01 -1.0014e+00 +2.4970e+00 -1.7565e+00
11 +1.452376036e+03 +1.452376036e+03 +1.515436036e+03 +1.515436036e+03 +9.7391e-01 +8.8231e-01 -1.6512e+00 +6.3379e-01 +3.0915e+00
43 +1.047558676e+02 +1.047558676e+02 +1.678158676e+02 +1.678158676e+02 -2.0753e-01 +7.3700e-01 -1.2716e+00 +9.1448e-01 +1.4939e-01
91 +9.606542172e+01 +9.606542172e+01 +1.591254217e+02 +1.591254217e+02 -2.0753e-01 +7.3700e-01 -1.2716e+00 +8.2279e-01 +1.4939e-01
132 +5.670977485e+01 +5.670977485e+01 +1.197697748e+02 +1.197697748e+02 -6.6553e-02 +7.7003e-01 -2.5258e-01 +6.6406e-01 +2.5618e-01
163 +3.188520925e+01 +3.188520925e+01 +9.494520925e+01 +9.494520925e+01 -1.9296e-01 +7.4603e-01 -1.0253e+00 +7.1050e-01 +2.3683e-01
203 +1.576786281e+01 +1.576786281e+01 +7.882786281e+01 +7.882786281e+01 -1.5983e-01 +7.5877e-01 -7.5191e-01 +7.9143e-01 +5.1726e-01
231 +5.034581402e+00 +5.034581402e+00 +6.809458140e+01 +6.809458140e+01 -4.3995e-01 +7.6121e-01 -6.6893e-01 +7.3799e-01 +3.1158e-01
% function evaluation | noise-free fitness - Fopt (5.193000000000e+01) | best noise-free fitness - Fopt | measured fitness | best measured fitness | x1 | x2...
1 +2.426094229e+04 +2.426094229e+04 +2.431287229e+04 +2.431287229e+04 +4.1464e+00 -1.4185e-02 -2.8016e+00 +1.0614e+00 -2.0864e+00
2 +7.774737181e+03 +7.774737181e+03 +7.826667181e+03 +7.826667181e+03 -8.0159e-01 -1.5093e+00 -2.1852e+00 -2.1843e+00 +2.2127e+00
4 +3.747000040e+03 +3.747000040e+03 +3.798930040e+03 +3.798930040e+03 -1.7076e+00 -2.4611e+00 -2.2078e+00 -3.3579e+00 -5.4376e-01
7 +1.083185212e+03 +1.083185212e+03 +1.135115212e+03 +1.135115212e+03 +2.9690e+00 +1.1924e+00 +3.6752e+00 +2.3484e+00 +8.3190e-01
25 +2.374254624e+02 +2.374254624e+02 +2.893554624e+02 +2.893554624e+02 -4.4019e-02 -2.0631e-01 +1.9024e+00 -2.6360e-01 -6.3582e-01
41 +1.410473311e+02 +1.410473311e+02 +1.929773311e+02 +1.929773311e+02 +5.1228e-01 -4.0990e-02 +3.0662e-01 +3.6831e-01 -7.7712e-01
122 +9.204367491e+01 +9.204367491e+01 +1.439736749e+02 +1.439736749e+02 -7.1791e-01 -4.8886e-01 +2.7204e-02 -2.6993e-01 -5.6387e-01
124 +6.126422425e+01 +6.126422425e+01 +1.131942242e+02 +1.131942242e+02 -7.1791e-01 -4.8886e-01 +1.7485e-01 -2.6993e-01 -5.6387e-01
162 +3.128132613e+01 +3.128132613e+01 +8.321132613e+01 +8.321132613e+01 +1.4961e-01 -1.0096e-01 +4.2629e-02 -4.7262e-02 -1.3793e-01
265 +2.476105748e+01 +2.476105748e+01 +7.669105748e+01 +7.669105748e+01 +1.2380e-01 -1.0096e-01 +4.2629e-02 -1.5975e-01 -1.3793e-01
% function evaluation | noise-free fitness - Fopt (3.071000000000e+01) | best noise-free fitness - Fopt | measured fitness | best measured fitness | x1 | x2...
1 +5.787827868e+04 +5.787827868e+04 +5.790898868e+04 +5.790898868e+04 -2.2109e+00 -3.9681e+00 +2.4018e+00 +3.9904e+00 -2.8531e+00
6 +2.949467618e+04 +2.949467618e+04 +2.952538618e+04 +2.952538618e+04 -8.4277e-02 -4.2605e+00 +4.4057e+00 -1.5737e+00 +3.2167e+00
9 +1.990402845e+04 +1.990402845e+04 +1.993473845e+04 +1.993473845e+04 +1.2579e-01 +4.6664e+00 -2.9753e+00 -4.3524e-01 -4.0881e+00
15 +7.720459263e+03 +7.720459263e+03 +7.751169263e+03 +7.751169263e+03 +1.7426e+00 +1.9284e+00 -3.4197e+00 +2.4331e+00 +2.8605e+00
34 +3.283208540e+02 +3.283208540e+02 +3.590308540e+02 +3.590308540e+02 +1.1485e+00 +2.4084e-01 -1.8962e+00 +9.6514e-01 -7.4023e-02
53 +8.258106294e+01 +8.258106294e+01 +1.132910629e+02 +1.132910629e+02 +3.8166e-01 -7.4514e-01 -7.3924e-01 +3.3543e-01 -3.5684e-01
88 +5.804631776e+01 +5.804631776e+01 +8.875631776e+01 +8.875631776e+01 +7.5249e-01 -6.1683e-02 -1.1462e+00 +3.2097e-01 -2.6924e-01
112 +1.904510561e+01 +1.904510561e+01 +4.975510561e+01 +4.975510561e+01 +6.1042e-01 -8.8467e-01 -6.4838e-01 +3.1999e-01 +2.6179e-01
133 +1.148991365e+01 +1.148991365e+01 +4.219991365e+01 +4.219991365e+01 +4.0969e-01 -8.8467e-01 -6.4838e-01 +3.1999e-01 +2.6179e-01
203 +9.682552989e+00 +9.682552989e+00 +4.039255299e+01 +4.039255299e+01 +4.6364e-01 -8.8460e-01 -7.3509e-01 +3.0684e-01 +2.0646e-01
% function evaluation | noise-free fitness - Fopt (7.850000000000e+00) | best noise-free fitness - Fopt | measured fitness | best measured fitness | x1 | x2...
1 +9.883689397e+04 +9.883689397e+04 +9.884474397e+04 +9.884474397e+04 -2.3887e+00 -3.4592e+00 +3.4137e+00 +1.4567e+00 -3.7529e+00
2 +4.870958264e+03 +4.870958264e+03 +4.878808264e+03 +4.878808264e+03 -4.3936e+00 -3.1628e+00 -2.3630e+00 -2.6597e+00 -2.6139e-01
5 +3.755404595e+03 +3.755404595e+03 +3.763254595e+03 +3.763254595e+03 +2.8847e+00 -6.7619e-01 +1.8712e+00 +1.4597e+00 +3.8009e+00
34 +3.582896427e+02 +3.582896427e+02 +3.661396427e+02 +3.661396427e+02 +4.5305e-01 -1.1348e+00 +2.2263e-01 -1.1691e+00 -8.9222e-01
83 +2.808911843e+01 +2.808911843e+01 +3.593911843e+01 +3.593911843e+01 +9.9119e-02 -9.6213e-01 +5.6591e-01 -5.3846e-01 -2.1889e-01
135 +2.192164019e+01 +2.192164019e+01 +2.977164019e+01 +2.977164019e+01 +1.9384e-01 -9.6213e-01 +5.6591e-01 -5.3846e-01 -2.1889e-01
163 +1.307295398e+01 +1.307295398e+01 +2.092295398e+01 +2.092295398e+01 +9.9119e-02 -9.6213e-01 +5.6591e-01 -7.3655e-01 -4.2873e-01
228 +6.155719679e+00 +6.155719679e+00 +1.400571968e+01 +1.400571968e+01 +2.0245e-01 -9.4804e-01 +6.7468e-01 -6.6770e-01 -4.8404e-01
% function evaluation | noise-free fitness - Fopt (3.191000000000e+01) | best noise-free fitness - Fopt | measured fitness | best measured fitness | x1 | x2...
1 +4.926540047e+05 +4.926540047e+05 +4.926859147e+05 +4.926859147e+05 +4.8341e+00 +4.6869e+00 +3.1641e+00 -2.0652e-01 +3.7283e+00
2 +1.063156273e+05 +1.063156273e+05 +1.063475373e+05 +1.063475373e+05 +4.9194e+00 +1.0755e-03 +1.5933e+00 -3.1802e+00 -4.7345e+00
4 +7.582405300e+04 +7.582405300e+04 +7.585596300e+04 +7.585596300e+04 +4.7958e+00 -2.0389e+00 -3.8957e+00 +3.3627e+00 -4.1129e+00
6 +1.563087364e+04 +1.563087364e+04 +1.566278364e+04 +1.566278364e+04 -6.4920e-01 -3.0947e-01 -2.5407e+00 +4.4610e+00 +1.6603e+00
17 +5.629835875e+03 +5.629835875e+03 +5.661745875e+03 +5.661745875e+03 -3.6971e-01 +2.4536e+00 +2.9267e-01 +3.1315e+00 -2.6752e+00
19 +3.062258863e+03 +3.062258863e+03 +3.094168863e+03 +3.094168863e+03 -1.3433e+00 -2.4232e+00 -1.9339e+00 -3.4504e+00 -4.9241e-02
41 +1.731086594e+03 +1.731086594e+03 +1.762996594e+03 +1.762996594e+03 +2.3368e+00 -1.8310e+00 +2.7856e-01 -1.5426e+00 +2.6803e+00
43 +1.410809018e+03 +1.410809018e+03 +1.442719018e+03 +1.442719018e+03 -2.1412e+00 -4.9734e-01 -1.5134e+00 -3.3779e+00 -3.3270e-02
94 +6.974408755e+02 +6.974408755e+02 +7.293508755e+02 +7.293508755e+02 -1.4805e+00 -1.8529e+00 -5.8140e-02 -3.2221e+00 -2.7845e-01
115 +5.393081758e+02 +5.393081758e+02 +5.712181758e+02 +5.712181758e+02 -1.3461e+00 -7.1138e-01 -2.7830e-03 -2.0550e+00 -2.7589e-01
122 +3.203906249e+02 +3.203906249e+02 +3.523006249e+02 +3.523006249e+02 -1.0385e+00 -9.8946e-01 -1.3951e+00 -2.2980e+00 -2.9398e-01
177 +2.388572374e+02 +2.388572374e+02 +2.707672374e+02 +2.707672374e+02 -1.3457e+00 -8.5444e-01 -1.9923e-01 -1.1323e+00 -2.7628e-01
% function evaluation | noise-free fitness - Fopt (-1.909000000000e+01) | best noise-free fitness - Fopt | measured fitness | best measured fitness | x1 | x2...
1 +9.915274818e+04 +9.915274818e+04 +9.913365818e+04 +9.913365818e+04 +2.7306e+00 -2.8809e+00 -2.3836e+00 -9.2712e-01 -4.7324e+00
2 +3.707856729e+04 +3.707856729e+04 +3.705947729e+04 +3.705947729e+04 -8.1759e-01 +6.3197e-01 -3.4712e+00 +2.4864e+00 +1.1113e+00
6 +2.449835928e+04 +2.449835928e+04 +2.447926928e+04 +2.447926928e+04 -3.3410e+00 -1.8120e+00 -2.8951e+00 -4.1041e+00 -1.7701e+00
9 +1.523872610e+04 +1.523872610e+04 +1.521963610e+04 +1.521963610e+04 +4.6213e+00 +1.1275e+00 +3.4327e-01 -9.3819e-01 -6.2381e-01
13 +3.034171094e+03 +3.034171094e+03 +3.015081094e+03 +3.015081094e+03 +1.1016e+00 +9.0916e-01 -8.3010e-02 -2.1817e+00 -1.7375e+00
17 +1.213764051e+03 +1.213764051e+03 +1.194674051e+03 +1.194674051e+03 +3.3709e-01 +2.4167e+00 -1.7805e-01 -5.1043e-03 +1.4737e+00
53 +8.180246252e+02 +8.180246252e+02 +7.989346252e+02 +7.989346252e+02 +8.7208e-01 +2.3499e+00 -9.2445e-02 -3.0692e-01 -5.7245e-01
55 +3.725128293e+02 +3.725128293e+02 +3.534228293e+02 +3.534228293e+02 +7.9771e-01 +2.0007e+00 -9.1034e-01 +1.2788e+00 +1.2596e+00
111 +2.374327927e+02 +2.374327927e+02 +2.183427927e+02 +2.183427927e+02 +6.7619e-01 +1.7403e+00 -1.1414e+00 +1.2859e+00 +1.1594e+00
% function evaluation | noise-free fitness - Fopt (-1.358500000000e+02) | best noise-free fitness - Fopt | measured fitness | best measured fitness | x1 | x2...
1 +7.554236378e+04 +7.554236378e+04 +7.540651378e+04 +7.540651378e+04 -1.5854e+00 -1.0948e+00 +3.0251e+00 +4.9590e+00 +1.1094e+00
2 +3.123476068e+04 +3.123476068e+04 +3.109891068e+04 +3.109891068e+04 -4.4786e+00 +4.4170e+00 -2.5639e+00 +4.2607e+00 -4.6698e+00
4 +1.732302172e+04 +1.732302172e+04 +1.718717172e+04 +1.718717172e+04 +4.0811e+00 -8.7821e-01 +4.3817e+00 -4.3553e+00 +3.4816e+00
6 +2.035389513e+03 +2.035389513e+03 +1.899539513e+03 +1.899539513e+03 -5.3760e-01 +5.5439e-01 +2.8496e+00 +1.4372e+00 +1.2816e+00
19 +1.007457171e+03 +1.007457171e+03 +8.716071714e+02 +8.716071714e+02 -1.7665e+00 -2.5336e+00 +2.1763e+00 +4.6661e-01 +3.2691e+00
84 +6.943412156e+02 +6.943412156e+02 +5.584912156e+02 +5.584912156e+02 -6.7594e-01 -2.4453e+00 +3.9460e+00 +3.3096e-01 +3.2885e+00
122 +5.409022462e+02 +5.409022462e+02 +4.050522462e+02 +4.050522462e+02 -8.7357e-01 -2.4457e+00 +3.1038e+00 +4.3504e-01 +3.2583e+00
% function evaluation | noise-free fitness - Fopt (-8.861000000000e+01) | best noise-free fitness - Fopt | measured fitness | best measured fitness | x1 | x2...
1 +7.536007125e+04 +7.536007125e+04 +7.527146125e+04 +7.527146125e+04 +3.1577e+00 +4.9064e+00 -3.4878e+00 -1.5714e+00 -4.5060e+00
2 +5.493957786e+04 +5.493957786e+04 +5.485096786e+04 +5.485096786e+04 +4.0259e+00 -6.9939e-01 -8.7289e-01 +1.5786e+00 +3.4738e+00
5 +3.650147703e+04 +3.650147703e+04 +3.641286703e+04 +3.641286703e+04 -2.0008e+00 -4.5743e+00 +8.0958e-01 +1.4891e+00 -3.8614e+00
11 +4.336668448e+03 +4.336668448e+03 +4.248058448e+03 +4.248058448e+03 +6.5665e-01 -1.9193e+00 +2.7032e+00 +2.9681e+00 +2.6463e+00
42 +3.052718780e+03 +3.052718780e+03 +2.964108780e+03 +2.964108780e+03 +8.2676e-01 -1.7479e+00 +6.2405e-01 +2.2496e+00 +2.8825e+00
60 +2.256306233e+03 +2.256306233e+03 +2.167696233e+03 +2.167696233e+03 +9.8368e-01 -7.8077e-01 +3.5018e-01 +1.8685e+00 +2.6967e+00
83 +6.404504098e+02 +6.404504098e+02 +5.518404098e+02 +5.518404098e+02 -1.7192e+00 -6.8085e-01 +4.1469e-01 +1.1235e+00 +1.7854e+00
121 +4.550096410e+02 +4.550096410e+02 +3.663996410e+02 +3.663996410e+02 +1.0440e+00 +4.9564e-01 +9.2263e-01 +1.2562e+00 +1.6988e+00
128 +3.459540806e+02 +3.459540806e+02 +2.573440806e+02 +2.573440806e+02 -9.9282e-01 -6.8085e-01 +4.1469e-01 +1.1235e+00 +1.7854e+00
% function evaluation | noise-free fitness - Fopt (1.856300000000e+02) | best noise-free fitness - Fopt | measured fitness | best measured fitness | x1 | x2...
1 +1.689170835e+05 +1.689170835e+05 +1.691027135e+05 +1.691027135e+05 -3.0565e+00 -3.6168e+00 -4.1866e+00 +1.4968e-01 -7.6529e-01
2 +4.476845030e+04 +4.476845030e+04 +4.495408030e+04 +4.495408030e+04 +3.0567e+00 +4.5053e+00 -1.6428e+00 +2.8747e+00 -1.8158e+00
4 +3.081844705e+04 +3.081844705e+04 +3.100407705e+04 +3.100407705e+04 -1.6103e+00 +3.5186e+00 -3.9955e+00 +8.1701e-01 -1.9039e+00
8 +1.131410367e+04 +1.131410367e+04 +1.149973367e+04 +1.149973367e+04 -2.6271e+00 -3.6635e+00 +3.0526e-01 -2.9798e-01 +1.6297e+00
10 +9.481085235e+03 +9.481085235e+03 +9.666715235e+03 +9.666715235e+03 -7.7901e-01 +2.4402e-01 -7.2083e-01 +2.9438e+00 +2.4304e+00
26 +4.619939563e+03 +4.619939563e+03 +4.805569563e+03 +4.805569563e+03 -8.1119e-01 -3.8308e+00 +5.6125e-01 +5.7261e-01 +2.4192e+00
44 +7.081668564e+02 +7.081668564e+02 +8.937968564e+02 +8.937968564e+02 -1.0240e+00 -2.0972e+00 +5.5990e-02 +7.0493e-01 +2.4942e-01
55 +1.964423334e+02 +1.964423334e+02 +3.820723334e+02 +3.820723334e+02 -8.3781e-01 +1.4122e+00 +8.0565e-03 +5.5827e-01 +6.4304e-01
90 +4.794828310e+01 +4.794828310e+01 +2.335782831e+02 +2.335782831e+02 -8.3781e-01 -1.3137e-01 +8.0565e-03 +5.5827e-01 +6.4304e-01
123 +3.709329685e+01 +3.709329685e+01 +2.227232968e+02 +2.227232968e+02 -8.3001e-01 -2.5533e-01 +1.5625e-01 +5.3923e-01 +6.4768e-01
309 +2.294279632e+01 +2.294279632e+01 +2.085727963e+02 +2.085727963e+02 -7.0483e-01 -1.9293e-01 +1.0667e-01 +3.3772e-01 +6.3808e-01
% function evaluation | noise-free fitness - Fopt (8.131000000000e+01) | best noise-free fitness - Fopt | measured fitness | best measured fitness | x1 | x2...
1 +1.546400744e+04 +1.546400744e+04 +1.554531744e+04 +1.554531744e+04 +8.8053e-01 -2.1606e+00 -1.0602e+00 +3.3378e+00 +3.3305e-01
19 +4.579781649e+03 +4.579781649e+03 +4.661091649e+03 +4.661091649e+03 +3.2343e+00 -3.7440e+00 -3.8855e-01 -2.2940e-01 +6.1993e-01
26 +2.656026099e+03 +2.656026099e+03 +2.737336099e+03 +2.737336099e+03 -9.1701e-02 +1.0742e+00 +3.6948e-02 -2.8758e+00 -1.0433e+00
41 +1.661679952e+02 +1.661679952e+02 +2.474779952e+02 +2.474779952e+02 +7.6886e-01 +1.5841e-01 -1.7014e-01 +2.3277e-01 -4.3128e-02
81 +3.162753035e+01 +3.162753035e+01 +1.129375304e+02 +1.129375304e+02 +2.0005e-01 +1.5841e-01 -1.7014e-01 +2.3277e-01 -4.3128e-02
133 +2.276949495e+01 +2.276949495e+01 +1.040794950e+02 +1.040794950e+02 +9.1786e-02 +1.5841e-01 -1.7014e-01 +2.3277e-01 -4.3128e-02
163 +1.382036969e+01 +1.382036969e+01 +9.513036969e+01 +9.513036969e+01 -2.4559e-02 +1.5841e-01 -7.5370e-02 +2.3277e-01 -4.3128e-02
