% function evaluation | noise-free fitness - Fopt (7.948000000000e+01) | best noise-free fitness - Fopt | measured fitness | best measured fitness | x1 | x2...
1 +2.614654144e+01 +2.614654144e+01 +1.056265414e+02 +1.056265414e+02 +4.9841e+00 +7.8264e-01
3 +2.734528268e+00 +2.734528268e+00 +8.221452827e+01 +8.221452827e+01 -1.2212e+00 -4.0727e-01
30 +2.133290045e+00 +2.133290045e+00 +8.161329004e+01 +8.161329004e+01 +1.5682e+00 -5.2206e-01
71 +3.920522834e-01 +3.920522834e-01 +7.987205228e+01 +7.987205228e+01 +3.9058e-01 -5.4601e-01
695 +1.971969488e-01 +1.971969488e-01 +7.967719695e+01 +7.967719695e+01 +6.9683e-01 -1.1506e+00
865 +3.627016234e-02 +3.627016234e-02 +7.951627016e+01 +7.951627016e+01 +8.4934e-02 -1.0668e+00
1569 +8.406652051e-03 +8.406652051e-03 +7.948840665e+01 +7.948840665e+01 +2.2399e-01 -1.0698e+00
2665 +3.826419354e-03 +3.826419354e-03 +7.948382642e+01 +7.948382642e+01 +2.0824e-01 -1.1997e+00
4339 +7.720734140e-04 +7.720734140e-04 +7.948077207e+01 +7.948077207e+01 +2.7323e-01 -1.1756e+00
5308 +5.109181904e-04 +5.109181904e-04 +7.948051092e+01 +7.948051092e+01 +2.6785e-01 -1.1737e+00
8016 +9.192256195e-05 +9.192256195e-05 +7.948009192e+01 +7.948009192e+01 +2.5431e-01 -1.1663e+00
10226 +3.933583700e-05 +3.933583700e-05 +7.948003934e+01 +7.948003934e+01 +2.4776e-01 -1.1605e+00
% function evaluation | noise-free fitness - Fopt (3.944800000000e+02) | best noise-free fitness - Fopt | measured fitness | best measured fitness | x1 | x2...
1 +2.526425311e+01 +2.526425311e+01 +4.197442531e+02 +4.197442531e+02 +1.0559e+00 -2.0426e+00
2 +9.972890555e+00 +9.972890555e+00 +4.044528906e+02 +4.044528906e+02 -8.5267e-01 -3.7249e+00
18 +2.738304148e+00 +2.738304148e+00 +3.972183041e+02 +3.972183041e+02 -4.3820e+00 -1.3078e+00
24 +1.025332767e+00 +1.025332767e+00 +3.955053328e+02 +3.955053328e+02 -4.5299e+00 -3.6819e+00
27 +7.966138694e-01 +7.966138694e-01 +3.952766139e+02 +3.952766139e+02 -4.2789e+00 -3.6978e+00
62 +6.123720247e-01 +6.123720247e-01 +3.950923720e+02 +3.950923720e+02 -3.3374e+00 -3.4360e+00
127 +1.515989639e-01 +1.515989639e-01 +3.946315990e+02 +3.946315990e+02 -3.5609e+00 -3.0846e+00
427 +3.787919622e-02 +3.787919622e-02 +3.945178792e+02 +3.945178792e+02 -3.9467e+00 -3.0789e+00
3935 +1.247518484e-02 +1.247518484e-02 +3.944924752e+02 +3.944924752e+02 -3.9499e+00 -2.7913e+00
4427 +4.614065355e-03 +4.614065355e-03 +3.944846141e+02 +3.944846141e+02 -3.9482e+00 -2.8442e+00
4833 +3.951815928e-04 +3.951815928e-04 +3.944803952e+02 +3.944803952e+02 -3.9042e+00 -2.8714e+00
5162 +1.368985754e-04 +1.368985754e-04 +3.944801369e+02 +3.944801369e+02 -3.8871e+00 -2.8874e+00
8252 +1.746515261e-05 +1.746515261e-05 +3.944800175e+02 +3.944800175e+02 -3.9016e+00 -2.8931e+00
9873 +1.282191420e-05 +1.282191420e-05 +3.944800128e+02 +3.944800128e+02 -3.8964e+00 -2.8874e+00
% function evaluation | noise-free fitness - Fopt (-2.471100000000e+02) | best noise-free fitness - Fopt | measured fitness | best measured fitness | x1 | x2...
1 +7.573136265e+01 +7.573136265e+01 -1.713786373e+02 -1.713786373e+02 +4.9028e+00 +3.4605e-01
2 +7.940584558e+00 +7.940584558e+00 -2.391694154e+02 -2.391694154e+02 -1.2300e+00 -9.5599e-01
7 +8.877299626e-02 +8.877299626e-02 -2.470212270e+02 -2.470212270e+02 -3.5985e+00 -1.7727e-02
120 +5.141371835e-02 +5.141371835e-02 -2.470585863e+02 -2.470585863e+02 -3.5949e+00 +1.0327e-01
2676 +3.662327251e-02 +3.662327251e-02 -2.470733767e+02 -2.470733767e+02 -3.6427e+00 +3.1445e-01
4035 +1.223223584e-02 +1.223223584e-02 -2.470977678e+02 -2.470977678e+02 -3.6903e+00 +2.2676e-01
4036 +4.025316890e-03 +4.025316890e-03 -2.471059747e+02 -2.471059747e+02 -3.7400e+00 +2.2792e-01
5660 +1.140711459e-03 +1.140711459e-03 -2.471088593e+02 -2.471088593e+02 -3.8027e+00 +1.6970e-01
8007 +7.797585826e-05 +7.797585826e-05 -2.471099220e+02 -2.471099220e+02 -3.8027e+00 +1.9549e-01
8036 +4.153181246e-05 +4.153181246e-05 -2.471099585e+02 -2.471099585e+02 -3.8027e+00 +2.0800e-01
10127 +1.988863821e-05 +1.988863821e-05 -2.471099801e+02 -2.471099801e+02 -3.8027e+00 +2.0203e-01
% function evaluation | noise-free fitness - Fopt (-1.520400000000e+02) | best noise-free fitness - Fopt | measured fitness | best measured fitness | x1 | x2...
1 +4.860412579e+01 +4.860412579e+01 -1.034358742e+02 -1.034358742e+02 +2.8484e+00 -4.8127e+00
2 +7.010615033e+00 +7.010615033e+00 -1.450293850e+02 -1.450293850e+02 -2.1684e+00 +3.2669e+00
4 +3.555541193e+00 +3.555541193e+00 -1.484844588e+02 -1.484844588e+02 -5.9446e-01 +3.2810e+00
8 +1.598567656e+00 +1.598567656e+00 -1.504414323e+02 -1.504414323e+02 -1.9123e-01 +2.6861e+00
23 +7.313483216e-02 +7.313483216e-02 -1.519668652e+02 -1.519668652e+02 -1.1720e-01 +1.1990e+00
326 +2.870409308e-02 +2.870409308e-02 -1.520112959e+02 -1.520112959e+02 -4.0914e-01 +1.5165e+00
1178 +1.540366674e-02 +1.540366674e-02 -1.520245963e+02 -1.520245963e+02 -1.4328e-01 +1.4171e+00
2164 +6.737148656e-03 +6.737148656e-03 -1.520332629e+02 -1.520332629e+02 -2.7198e-01 +1.5059e+00
4023 +1.311199837e-03 +1.311199837e-03 -1.520386888e+02 -1.520386888e+02 -2.6046e-01 +1.4596e+00
7380 +1.568689578e-04 +1.568689578e-04 -1.520398431e+02 -1.520398431e+02 -2.7621e-01 +1.4153e+00
7887 +2.730348820e-05 +2.730348820e-05 -1.520399727e+02 -1.520399727e+02 -2.7083e-01 +1.4202e+00
11577 +1.431639441e-05 +1.431639441e-05 -1.520399857e+02 -1.520399857e+02 -2.7083e-01 +1.4251e+00
% function evaluation | noise-free fitness - Fopt (-2.525000000000e+01) | best noise-free fitness - Fopt | measured fitness | best measured fitness | x1 | x2...
1 +7.475578109e+01 +7.475578109e+01 +4.950578109e+01 +4.950578109e+01 -3.8930e+00 -3.6537e+00
2 +8.786673239e+00 +8.786673239e+00 -1.646332676e+01 -1.646332676e+01 +2.7372e+00 +3.4667e+00
7 +3.057027648e+00 +3.057027648e+00 -2.219297235e+01 -2.219297235e+01 +2.0012e+00 -3.8947e-02
24 +1.486304489e+00 +1.486304489e+00 -2.376369551e+01 -2.376369551e+01 +3.6058e+00 +1.8543e+00
57 +7.004382570e-01 +7.004382570e-01 -2.454956174e+01 -2.454956174e+01 +4.4081e+00 +3.6981e-01
93 +7.145878781e-02 +7.145878781e-02 -2.517854121e+01 -2.517854121e+01 +3.6588e+00 +3.7160e-01
566 +4.512181866e-02 +4.512181866e-02 -2.520487818e+01 -2.520487818e+01 +3.4038e+00 +6.0753e-01
1815 +2.339147606e-02 +2.339147606e-02 -2.522660852e+01 -2.522660852e+01 +3.4671e+00 +5.9402e-01
3011 +9.912571467e-03 +9.912571467e-03 -2.524008743e+01 -2.524008743e+01 +3.7029e+00 +6.8078e-01
4124 +3.010048921e-03 +3.010048921e-03 -2.524698995e+01 -2.524698995e+01 +3.6343e+00 +5.8408e-01
4566 +2.286408885e-03 +2.286408885e-03 -2.524771359e+01 -2.524771359e+01 +3.6620e+00 +6.3099e-01
5361 +2.898831896e-04 +2.898831896e-04 -2.524971012e+01 -2.524971012e+01 +3.5996e+00 +6.2682e-01
8655 +2.237090752e-04 +2.237090752e-04 -2.524977629e+01 -2.524977629e+01 +3.5996e+00 +6.3722e-01
8779 +1.205171907e-04 +1.205171907e-04 -2.524987948e+01 -2.524987948e+01 +3.6241e+00 +6.4025e-01
9485 +7.635758635e-05 +7.635758635e-05 -2.524992364e+01 -2.524992364e+01 +3.6071e+00 +6.3993e-01
% function evaluation | noise-free fitness - Fopt (1.347300000000e+02) | best noise-free fitness - Fopt | measured fitness | best measured fitness | x1 | x2...
1 +1.772012137e+01 +1.772012137e+01 +1.524501214e+02 +1.524501214e+02 +1.7459e+00 -4.8972e+00
2 +8.997139740e+00 +8.997139740e+00 +1.437271397e+02 +1.437271397e+02 -3.2499e+00 -7.9242e-01
5 +1.351694144e+00 +1.351694144e+00 +1.360816941e+02 +1.360816941e+02 -3.2458e+00 -2.9986e+00
115 +1.816698250e-01 +1.816698250e-01 +1.349116698e+02 +1.349116698e+02 -2.6893e+00 -3.5672e+00
267 +5.506238750e-02 +5.506238750e-02 +1.347850624e+02 +1.347850624e+02 -2.1032e+00 -3.7942e+00
1298 +1.608696670e-02 +1.608696670e-02 +1.347460870e+02 +1.347460870e+02 -2.3619e+00 -3.7107e+00
4057 +1.520198586e-02 +1.520198586e-02 +1.347452020e+02 +1.347452020e+02 -2.3465e+00 -3.7209e+00
4621 +2.849663117e-03 +2.849663117e-03 +1.347328497e+02 +1.347328497e+02 -2.3201e+00 -3.6339e+00
4879 +1.665661151e-03 +1.665661151e-03 +1.347316657e+02 +1.347316657e+02 -2.3059e+00 -3.6393e+00
7222 +8.778801083e-05 +8.778801083e-05 +1.347300878e+02 +1.347300878e+02 -2.2705e+00 -3.6352e+00
% function evaluation | noise-free fitness - Fopt (1.520000000000e+00) | best noise-free fitness - Fopt | measured fitness | best measured fitness | x1 | x2...
1 +1.472741995e+01 +1.472741995e+01 +1.624741995e+01 +1.624741995e+01 -3.6286e+00 -3.7310e+00
3 +2.716401226e-01 +2.716401226e-01 +1.791640123e+00 +1.791640123e+00 -7.1422e-01 -2.1152e+00
255 +1.661218819e-01 +1.661218819e-01 +1.686121882e+00 +1.686121882e+00 -1.5599e-01 -2.3954e+00
321 +3.683174913e-02 +3.683174913e-02 +1.556831749e+00 +1.556831749e+00 -3.5798e-01 -2.1109e+00
884 +1.637566375e-02 +1.637566375e-02 +1.536375664e+00 +1.536375664e+00 -3.3561e-01 -1.9816e+00
4255 +9.284269446e-03 +9.284269446e-03 +1.529284269e+00 +1.529284269e+00 -2.4807e-01 -2.0788e+00
4491 +6.121244311e-03 +6.121244311e-03 +1.526121244e+00 +1.526121244e+00 -2.8594e-01 -1.9980e+00
4886 +1.927682186e-03 +1.927682186e-03 +1.521927682e+00 +1.521927682e+00 -2.0738e-01 -2.0351e+00
6064 +2.923771938e-05 +2.923771938e-05 +1.520029238e+00 +1.520029238e+00 -2.0887e-01 -1.9859e+00
% function evaluation | noise-free fitness - Fopt (4.530000000000e+01) | best noise-free fitness - Fopt | measured fitness | best measured fitness | x1 | x2...
1 +6.170808348e+00 +6.170808348e+00 +5.147080835e+01 +5.147080835e+01 +1.2124e+00 -1.6144e-01
2 +3.027306798e+00 +3.027306798e+00 +4.832730680e+01 +4.832730680e+01 +9.2353e-02 +3.8070e+00
30 +1.725547945e+00 +1.725547945e+00 +4.702554795e+01 +4.702554795e+01 +2.2692e+00 +2.5760e+00
39 +1.304345548e+00 +1.304345548e+00 +4.660434555e+01 +4.660434555e+01 +1.8481e+00 +1.5671e+00
53 +5.505594400e-01 +5.505594400e-01 +4.585055944e+01 +4.585055944e+01 +1.5909e+00 +1.8873e+00
426 +1.775579749e-01 +1.775579749e-01 +4.547755797e+01 +4.547755797e+01 +7.6779e-01 +1.9494e+00
520 +1.450943845e-01 +1.450943845e-01 +4.544509438e+01 +4.544509438e+01 +7.6001e-01 +2.0027e+00
635 +9.636604145e-02 +9.636604145e-02 +4.539636604e+01 +4.539636604e+01 +9.7134e-01 +2.6222e+00
766 +5.581393764e-02 +5.581393764e-02 +4.535581394e+01 +4.535581394e+01 +7.6277e-01 +2.2250e+00
817 +8.978160260e-03 +8.978160260e-03 +4.530897816e+01 +4.530897816e+01 +1.0600e+00 +2.3664e+00
1806 +4.642132605e-03 +4.642132605e-03 +4.530464213e+01 +4.530464213e+01 +9.6604e-01 +2.3781e+00
4545 +3.324616454e-05 +3.324616454e-05 +4.530003325e+01 +4.530003325e+01 +9.7815e-01 +2.3081e+00
10751 +2.256296269e-05 +2.256296269e-05 +4.530002256e+01 +4.530002256e+01 +9.7815e-01 +2.3099e+00
11719 +3.159940782e-06 +3.159940782e-06 +4.530000316e+01 +4.530000316e+01 +9.8413e-01 +2.3116e+00
% function evaluation | noise-free fitness - Fopt (-1.605700000000e+02) | best noise-free fitness - Fopt | measured fitness | best measured fitness | x1 | x2...
1 +5.189607152e+00 +5.189607152e+00 -1.553803928e+02 -1.553803928e+02 -2.9574e+00 +1.5799e+00
17 +1.318614576e+00 +1.318614576e+00 -1.592513854e+02 -1.592513854e+02 -1.4499e-01 -4.2925e-02
23 +5.597765391e-01 +5.597765391e-01 -1.600102235e+02 -1.600102235e+02 -7.0829e-01 +4.9543e-01
199 +2.757900447e-01 +2.757900447e-01 -1.602942100e+02 -1.602942100e+02 -1.1581e+00 +5.3441e-01
277 +1.270692392e-01 +1.270692392e-01 -1.604429308e+02 -1.604429308e+02 -1.3510e+00 +3.7782e-01
452 +5.263743118e-02 +5.263743118e-02 -1.605173626e+02 -1.605173626e+02 -1.4967e+00 +1.2845e-01
2238 +1.674142102e-02 +1.674142102e-02 -1.605532586e+02 -1.605532586e+02 -1.4183e+00 +2.1215e-03
4075 +7.560550611e-03 +7.560550611e-03 -1.605624394e+02 -1.605624394e+02 -1.2160e+00 -1.7217e-02
4527 +2.126992377e-03 +2.126992377e-03 -1.605678730e+02 -1.605678730e+02 -1.2836e+00 -1.9097e-02
6041 +9.254667592e-04 +9.254667592e-04 -1.605690745e+02 -1.605690745e+02 -1.2772e+00 -5.9782e-04
8937 +4.068317545e-04 +4.068317545e-04 -1.605695932e+02 -1.605695932e+02 -1.2931e+00 +6.3187e-03
9075 +3.629693818e-04 +3.629693818e-04 -1.605696370e+02 -1.605696370e+02 -1.2911e+00 +7.3486e-03
9601 +7.247668802e-05 +7.247668802e-05 -1.605699275e+02 -1.605699275e+02 -1.2833e+00 +2.9662e-02
11133 +3.588757210e-06 +3.588757210e-06 -1.605699964e+02 -1.605699964e+02 -1.2931e+00 +2.6424e-02
% function evaluation | noise-free fitness - Fopt (-2.916100000000e+02) | best noise-free fitness - Fopt | measured fitness | best measured fitness | x1 | x2...
1 +5.103774339e+01 +5.103774339e+01 -2.405722566e+02 -2.405722566e+02 +6.5092e-01 -4.1512e+00
2 +2.428455544e+01 +2.428455544e+01 -2.673254446e+02 -2.673254446e+02 +2.6190e+00 +4.1905e+00
3 +3.088790762e+00 +3.088790762e+00 -2.885212092e+02 -2.885212092e+02 -2.5740e-01 +2.6840e+00
4 +2.054806193e+00 +2.054806193e+00 -2.895551938e+02 -2.895551938e+02 -7.8233e-01 +1.7304e+00
13 +4.900098194e-01 +4.900098194e-01 -2.911199902e+02 -2.911199902e+02 -2.1266e+00 +3.1706e+00
134 +2.433698305e-01 +2.433698305e-01 -2.913666302e+02 -2.913666302e+02 -2.4450e+00 +2.2621e+00
183 +1.401933055e-02 +1.401933055e-02 -2.915959807e+02 -2.915959807e+02 -1.9477e+00 +2.5862e+00
1766 +8.920242267e-03 +8.920242267e-03 -2.916010798e+02 -2.916010798e+02 -1.9175e+00 +2.4419e+00
4013 +6.127613650e-04 +6.127613650e-04 -2.916093872e+02 -2.916093872e+02 -1.9787e+00 +2.4778e+00
7842 +3.129176349e-05 +3.129176349e-05 -2.916099687e+02 -2.916099687e+02 -2.0024e+00 +2.4871e+00
10724 +1.760326410e-05 +1.760326410e-05 -2.916099824e+02 -2.916099824e+02 -2.0026e+00 +2.4774e+00
% function evaluation | noise-free fitness - Fopt (-8.736000000000e+01) | best noise-free fitness - Fopt | measured fitness | best measured fitness | x1 | x2...
1 +6.489079974e+00 +6.489079974e+00 -8.087092003e+01 -8.087092003e+01 +1.7017e+00 -1.1497e+00
2 +5.127306956e+00 +5.127306956e+00 -8.223269304e+01 -8.223269304e+01 -2.7575e+00 -1.3801e+00
8 +2.327820298e+00 +2.327820298e+00 -8.503217970e+01 -8.503217970e+01 -1.6060e+00 +8.6746e-01
12 +5.250004629e-01 +5.250004629e-01 -8.683499954e+01 -8.683499954e+01 -5.5341e-02 -1.0592e-01
138 +2.756486580e-01 +2.756486580e-01 -8.708435134e+01 -8.708435134e+01 -3.3472e-01 -2.9581e-02
208 +1.142362369e-01 +1.142362369e-01 -8.724576376e+01 -8.724576376e+01 -3.9857e-01 -4.6145e-01
545 +4.820413528e-02 +4.820413528e-02 -8.731179586e+01 -8.731179586e+01 -5.1752e-01 -4.4683e-01
1877 +2.583387361e-02 +2.583387361e-02 -8.733416613e+01 -8.733416613e+01 -8.8710e-01 -3.8235e-01
2324 +7.312035192e-03 +7.312035192e-03 -8.735268796e+01 -8.735268796e+01 -8.0233e-01 -3.3987e-01
4545 +2.162166179e-03 +2.162166179e-03 -8.735783783e+01 -8.735783783e+01 -6.8097e-01 -3.8910e-01
6314 +1.470878942e-03 +1.470878942e-03 -8.735852912e+01 -8.735852912e+01 -7.4888e-01 -3.4813e-01
8517 +4.437240373e-04 +4.437240373e-04 -8.735955628e+01 -8.735955628e+01 -7.0925e-01 -3.6697e-01
8618 +3.535982342e-04 +3.535982342e-04 -8.735964640e+01 -8.735964640e+01 -7.1978e-01 -3.6160e-01
8777 +9.876454109e-05 +9.876454109e-05 -8.735990124e+01 -8.735990124e+01 -7.3290e-01 -3.7168e-01
11509 +5.227800288e-05 +5.227800288e-05 -8.735994772e+01 -8.735994772e+01 -7.3318e-01 -3.7669e-01
% function evaluation | noise-free fitness - Fopt (1.000000000000e+03) | best noise-free fitness - Fopt | measured fitness | best measured fitness | x1 | x2...
1 +2.472674632e+01 +2.472674632e+01 +1.024726746e+03 +1.024726746e+03 +1.0550e+00 -3.6983e-01
8 +5.565790316e+00 +5.565790316e+00 +1.005565790e+03 +1.005565790e+03 -3.6323e-01 -3.0053e+00
11 +2.330805542e+00 +2.330805542e+00 +1.002330806e+03 +1.002330806e+03 -3.9427e+00 -2.9938e+00
12 +7.109722598e-01 +7.109722598e-01 +1.000710972e+03 +1.000710972e+03 -1.9834e+00 -3.1663e+00
122 +1.337203016e-01 +1.337203016e-01 +1.000133720e+03 +1.000133720e+03 -2.3983e+00 -3.4334e+00
149 +4.227603942e-02 +4.227603942e-02 +1.000042276e+03 +1.000042276e+03 -2.7979e+00 -3.8105e+00
642 +3.503202104e-03 +3.503202104e-03 +1.000003503e+03 +1.000003503e+03 -2.6653e+00 -3.7222e+00
948 +2.423680804e-03 +2.423680804e-03 +1.000002424e+03 +1.000002424e+03 -2.6050e+00 -3.7828e+00
4258 +1.573829785e-03 +1.573829785e-03 +1.000001574e+03 +1.000001574e+03 -2.5876e+00 -3.6991e+00
4330 +2.839511722e-04 +2.839511722e-04 +1.000000284e+03 +1.000000284e+03 -2.5922e+00 -3.7412e+00
5570 +5.509415325e-05 +5.509415325e-05 +1.000000055e+03 +1.000000055e+03 -2.6002e+00 -3.7312e+00
6706 +2.754095692e-05 +2.754095692e-05 +1.000000028e+03 +1.000000028e+03 -2.6022e+00 -3.7319e+00
8258 +1.211407516e-05 +1.211407516e-05 +1.000000012e+03 +1.000000012e+03 -2.6042e+00 -3.7319e+00
% function evaluation | noise-free fitness - Fopt (2.887300000000e+02) | best noise-free fitness - Fopt | measured fitness | best measured fitness | x1 | x2...
1 +1.350150631e+01 +1.350150631e+01 +3.022315063e+02 +3.022315063e+02 -1.6558e+00 -3.0933e+00
4 +1.371127493e+00 +1.371127493e+00 +2.901011275e+02 +2.901011275e+02 -3.4670e+00 +1.0251e+00
18 +9.253867533e-01 +9.253867533e-01 +2.896553868e+02 +2.896553868e+02 -3.0573e+00 -2.1980e-01
41 +8.638118972e-02 +8.638118972e-02 +2.888163812e+02 +2.888163812e+02 -2.4811e+00 +7.8829e-01
335 +1.155237212e-02 +1.155237212e-02 +2.887415524e+02 +2.887415524e+02 -2.3375e+00 +4.3196e-01
1695 +1.830418875e-03 +1.830418875e-03 +2.887318304e+02 +2.887318304e+02 -2.4573e+00 +4.7986e-01
4301 +4.754711887e-05 +4.754711887e-05 +2.887300475e+02 +2.887300475e+02 -2.4269e+00 +5.0121e-01
8597 +3.628376516e-05 +3.628376516e-05 +2.887300363e+02 +2.887300363e+02 -2.4260e+00 +5.0120e-01
% function evaluation | noise-free fitness - Fopt (-3.046000000000e+01) | best noise-free fitness - Fopt | measured fitness | best measured fitness | x1 | x2...
1 +1.948184094e+01 +1.948184094e+01 -1.097815906e+01 -1.097815906e+01 -4.2066e-01 +4.5311e+00
4 +3.007844412e+00 +3.007844412e+00 -2.745215559e+01 -2.745215559e+01 +4.7102e-01 +1.6579e+00
12 +1.556966583e+00 +1.556966583e+00 -2.890303342e+01 -2.890303342e+01 +1.0798e+00 -1.0714e-03
73 +9.737783062e-01 +9.737783062e-01 -2.948622169e+01 -2.948622169e+01 +2.4015e+00 +1.7426e+00
129 +6.586381710e-02 +6.586381710e-02 -3.039413618e+01 -3.039413618e+01 +1.7580e+00 +7.5760e-01
656 +2.133937737e-02 +2.133937737e-02 -3.043866062e+01 -3.043866062e+01 +1.9573e+00 +7.0135e-01
1921 +7.542681610e-03 +7.542681610e-03 -3.045245732e+01 -3.045245732e+01 +2.0103e+00 +7.5448e-01
4177 +1.040247298e-03 +1.040247298e-03 -3.045895975e+01 -3.045895975e+01 +2.0036e+00 +8.7293e-01
4925 +7.693723824e-04 +7.693723824e-04 -3.045923063e+01 -3.045923063e+01 +2.0047e+00 +8.1334e-01
5212 +5.911546684e-04 +5.911546684e-04 -3.045940885e+01 -3.045940885e+01 +2.0056e+00 +8.1696e-01
7615 +3.372417249e-05 +3.372417249e-05 -3.045996628e+01 -3.045996628e+01 +2.0011e+00 +8.4660e-01
9212 +5.527709288e-06 +5.527709288e-06 -3.045999447e+01 -3.045999447e+01 +2.0011e+00 +8.4313e-01
% function evaluation | noise-free fitness - Fopt (-1.184600000000e+02) | best noise-free fitness - Fopt | measured fitness | best measured fitness | x1 | x2...
1 +8.748096031e+00 +8.748096031e+00 -1.097119040e+02 -1.097119040e+02 +3.4532e-01 -2.2123e+00
15 +3.577348378e+00 +3.577348378e+00 -1.148826516e+02 -1.148826516e+02 +3.4091e+00 -1.6015e+00
22 +2.581416860e-01 +2.581416860e-01 -1.182018583e+02 -1.182018583e+02 +2.8298e+00 -3.9216e+00
37 +8.706021021e-03 +8.706021021e-03 -1.184512940e+02 -1.184512940e+02 +3.0801e+00 -3.3759e+00
1707 +3.578057587e-03 +3.578057587e-03 -1.184564219e+02 -1.184564219e+02 +2.9698e+00 -3.4524e+00
3030 +6.120789983e-04 +6.120789983e-04 -1.184593879e+02 -1.184593879e+02 +3.0407e+00 -3.4323e+00
4306 +3.468579077e-04 +3.468579077e-04 -1.184596531e+02 -1.184596531e+02 +3.0374e+00 -3.4713e+00
5609 +8.846761361e-05 +8.846761361e-05 -1.184599115e+02 -1.184599115e+02 +3.0336e+00 -3.4629e+00
8081 +2.332455097e-05 +2.332455097e-05 -1.184599767e+02 -1.184599767e+02 +3.0276e+00 -3.4588e+00
