% function evaluation | noise-free fitness - Fopt (9.294000000000e+01) | best noise-free fitness - Fopt | measured fitness | best measured fitness | x1 | x2...
1 +1.554809706e+03 +1.554809706e+03 +1.647749706e+03 +1.647749706e+03 +2.4076e+00 -4.8675e+00 +7.2322e-01 +3.7898e+00 -1.7318e+00 +1.0889e+00 +2.4920e-01 -4.7705e+00 -4.1818e+00 +9.2004e-01 +2.3006e+00 -4.0179e+00 -2.5929e+00 +4.4224e+00 -4.8145e+00 +4.6116e+00 +3.2332e+00 -4.0907e-01 +3.0241e+00 -1.6011e+00
4 +9.658323736e+02 +9.658323736e+02 +1.058772374e+03 +1.058772374e+03 +1.9147e+00 +4.1803e+00 -7.1289e-01 -1.7535e-01 -4.2856e+00 +3.1017e+00 +4.3953e+00 +3.2494e+00 +2.7433e+00 +3.5635e+00 -2.8252e+00 -5.9113e-01 +7.6628e-01 -2.6658e+00 +2.6302e+00 -2.6366e+00 +3.3303e+00 -4.7152e+00 +3.2648e+00 +3.0241e+00
44 +3.877158734e+02 +3.877158734e+02 +4.806558734e+02 +4.806558734e+02 +2.4588e+00 +1.8736e+00 -1.8167e+00 +8.8594e-01 -4.0350e+00 +3.9649e+00 +1.6508e+00 +6.8495e-01 +4.3405e+00 +2.5088e+00 -1.8617e+00 -1.4448e+00 -3.5638e+00 -1.8968e+00 +2.7357e+00 -3.1965e+00 +3.3142e+00 -2.8942e+00 +7.6294e-01 +5.6544e-01
129 +2.429672622e+02 +2.429672622e+02 +3.359072622e+02 +3.359072622e+02 +2.5045e+00 +1.3095e+00 -1.7775e+00 +1.8923e+00 -3.4411e-01 +3.7863e+00 +1.5966e+00 +5.6826e-01 +3.9697e+00 +1.8584e+00 -2.6685e+00 -1.6859e+00 -3.3817e+00 -2.1213e+00 +2.7456e+00 -3.1007e+00 +3.2259e+00 -2.8689e+00 -6.8275e-01 +5.8207e-01
% function evaluation | noise-free fitness - Fopt (3.535000000000e+01) | best noise-free fitness - Fopt | measured fitness | best measured fitness | x1 | x2...
1 +5.818882350e+03 +5.818882350e+03 +5.854232350e+03 +5.854232350e+03 -2.0223e+00 +1.3676e+00 -4.5757e+00 -3.7513e+00 -3.7519e+00 -4.4019e+00 -4.3467e+00 -4.4442e+00 -2.8814e+00 -1.8823e+00 +3.2106e+00 +3.2086e-01 +8.2139e-01 -1.4061e+00 +4.7770e+00 +8.7526e-01 +2.7623e+00 -4.7765e+00 -1.4933e+00 -2.5664e+00
3 +3.471973308e+03 +3.471973308e+03 +3.507323308e+03 +3.507323308e+03 -1.1798e+00 +4.0835e+00 +4.6037e+00 -8.7603e-01 +1.3383e+00 -5.7163e-01 -1.7161e+00 -1.2588e+00 -2.3068e-01 +4.6173e+00 +2.8346e-01 +6.7011e-01 +9.1499e-01 -1.7274e+00 +2.5062e+00 +2.3148e+00 +1.8260e+00 -2.4397e+00 +2.7766e-01 -4.3259e+00
17 +2.397873784e+03 +2.397873784e+03 +2.433223784e+03 +2.433223784e+03 +2.3567e+00 +2.2706e+00 +4.4499e+00 +1.0886e+00 -1.1225e+00 -3.3604e+00 -2.8571e+00 +4.3240e+00 -2.1535e+00 +4.9767e+00 +2.3384e+00 -2.9011e+00 +1.4612e+00 +4.7989e+00 -1.1474e-01 +4.3895e+00 +3.8372e+00 +4.7619e+00 -2.0285e+00 +1.1476e+00
39 +1.241211295e+03 +1.241211295e+03 +1.276561295e+03 +1.276561295e+03 -2.2774e+00 -4.5116e+00 -6.0562e-01 +1.8107e+00 -3.3838e+00 +1.0278e+00 +1.1348e+00 +1.7229e+00 -3.0902e+00 -4.7382e+00 +1.5776e-01 -2.3977e+00 +2.9886e+00 -3.8257e+00 -4.8137e+00 -2.0638e+00 +2.7741e+00 +1.0956e+00 +2.0390e+00 +7.0806e-01
71 +8.072188128e+02 +8.072188128e+02 +8.425688128e+02 +8.425688128e+02 -2.4979e+00 -2.3579e+00 +1.8242e+00 +5.6083e-01 -3.2437e+00 -1.7724e+00 +3.0031e+00 +1.4924e+00 -2.5369e+00 -1.9798e+00 -1.7433e+00 +9.1007e-01 +2.9517e+00 +2.4804e+00 +1.6849e+00 +5.0447e-01 +2.5565e+00 +2.0579e+00 +1.8351e+00 +1.2606e+00
86 +5.706127162e+02 +5.706127162e+02 +6.059627162e+02 +6.059627162e+02 -1.4463e+00 -2.6208e+00 +1.7032e+00 +3.4045e-01 -3.1585e+00 -7.2737e-01 +1.4401e+00 +2.2448e+00 -2.5316e+00 -2.5579e+00 -8.2345e-01 +1.1398e+00 +2.8944e+00 +1.9692e+00 -3.4886e+00 +1.6237e+00 +2.2454e+00 +1.0552e+00 +2.5986e+00 +1.3252e+00
% function evaluation | noise-free fitness - Fopt (3.820000000000e+00) | best noise-free fitness - Fopt | measured fitness | best measured fitness | x1 | x2...
1 +1.163108265e+03 +1.163108265e+03 +1.166928265e+03 +1.166928265e+03 +1.3775e-01 -2.7579e+00 +1.9566e+00 -2.8787e+00 +4.0204e+00 -5.3783e-01 -5.4753e-01 -4.5509e-01 +4.2617e+00 -3.6532e+00 +3.3284e+00 +3.9934e+00 +1.7763e+00 -9.7803e-01 -1.3542e+00 +4.1777e+00 +5.5530e-01 +2.7302e+00 +2.2998e+00 -4.1403e+00
3 +9.614732355e+02 +9.614732355e+02 +9.652932355e+02 +9.652932355e+02 +4.0669e-01 +2.5618e+00 +5.7052e-01 -3.2690e+00 -2.8695e-01 +7.9976e-01 -1.9173e+00 +4.4352e+00 -3.9419e+00 -7.0049e-01 +6.2150e-01 -4.2601e+00 -3.1248e+00 -3.9865e+00 -3.0581e+00 -1.5625e+00 +1.2921e+00 -3.5145e+00 +4.2968e+00 -3.1300e+00
41 +4.108535791e+02 +4.108535791e+02 +4.146735791e+02 +4.146735791e+02 +6.3515e-01 -7.8249e-01 +1.2360e+00 -1.3258e+00 +2.7213e+00 -4.6752e-01 +4.1113e+00 -3.0844e+00 +3.1461e+00 +3.9537e+00 +6.9024e-02 +3.7353e+00 +3.3328e+00 -2.8156e+00 +6.0723e-03 -5.3883e-01 -2.2059e+00 +1.9915e+00 +1.9038e+00 -2.2577e-01
81 +3.451127721e+02 +3.451127721e+02 +3.489327721e+02 +3.489327721e+02 +6.3515e-01 -7.8249e-01 +1.2360e+00 -1.3258e+00 +2.7213e+00 -4.6752e-01 +4.1113e+00 -3.0844e+00 +9.0877e-01 +3.9537e+00 +6.9024e-02 +3.7353e+00 +3.3328e+00 -2.8156e+00 +6.0723e-03 -5.3883e-01 -2.2059e+00 +1.9915e+00 +1.9038e+00 -2.2577e-01
238 +2.457620071e+02 +2.457620071e+02 +2.495820071e+02 +2.495820071e+02 +3.4099e-01 -6.3814e-01 +1.8909e+00 -1.8433e-01 +2.4492e+00 -6.5893e-01 +3.3447e+00 -3.1094e+00 +8.1847e-01 +3.4834e+00 +1.7890e-01 +1.8866e+00 +2.3915e+00 -3.2909e+00 +1.5423e+00 -9.9165e-01 -7.0975e-01 +1.2539e+00 +1.3395e+00 +9.2662e-01
% function evaluation | noise-free fitness - Fopt (2.175000000000e+01) | best noise-free fitness - Fopt | measured fitness | best measured fitness | x1 | x2...
1 +4.618425352e+03 +4.618425352e+03 +4.640175352e+03 +4.640175352e+03 +3.6049e+00 -3.9975e-01 -4.3851e+00 +9.8734e-01 +4.5557e+00 -2.8102e-01 +1.5103e+00 +7.5434e-01 -4.5794e+00 -2.9217e+00 +4.1756e+00 -8.2251e-01 -4.8442e+00 +2.9414e+00 +4.5153e+00 -4.4854e+00 -7.7814e-02 +3.9248e-01 +3.1247e+00 +3.3108e+00
2 +3.192232754e+03 +3.192232754e+03 +3.213982754e+03 +3.213982754e+03 +2.9502e+00 -2.6918e+00 +4.3460e+00 +4.5976e+00 -4.4455e+00 +2.7602e+00 -2.3578e+00 +1.3851e+00 +3.6163e+00 -1.3484e+00 +4.8377e+00 +4.4195e+00 -2.3193e-01 -3.3856e+00 +1.6448e-01 +3.7336e+00 -2.8593e+00 -2.2285e+00 +1.3085e+00 +3.5268e+00
3 +1.884223817e+03 +1.884223817e+03 +1.905973817e+03 +1.905973817e+03 +3.3706e+00 +1.6063e+00 -8.5370e-01 -1.7786e-02 -4.8663e+00 +2.0272e+00 +1.9731e+00 +2.0545e+00 +3.5664e+00 +2.4025e+00 -3.2262e+00 -3.8905e+00 +1.2966e+00 -4.9287e+00 -3.9692e+00 -4.0903e+00 +4.0132e+00 +1.1747e+00 +8.0072e-01 +5.3420e-01
14 +1.037810621e+03 +1.037810621e+03 +1.059560621e+03 +1.059560621e+03 +4.4219e+00 -1.0037e+00 +6.1725e-01 -3.3206e+00 -1.0783e+00 -2.6241e+00 +3.3693e+00 -1.5187e+00 -2.9645e+00 +2.5297e+00 +2.3424e+00 -5.9733e-01 -1.1724e+00 +1.6829e+00 -3.5473e+00 +3.9246e+00 +4.7491e+00 +1.8265e+00 -1.0689e+00 +1.7051e+00
45 +4.716796957e+02 +4.716796957e+02 +4.934296957e+02 +4.934296957e+02 +8.0278e-01 -1.8156e+00 +1.5560e+00 +3.3477e+00 +1.7433e+00 -4.9564e-01 +2.9229e+00 -2.7463e+00 +2.3711e+00 +3.5763e+00 +2.2895e+00 +3.5752e+00 +3.0083e+00 -4.4817e+00 -7.5997e-01 -2.4087e+00 -1.7192e+00 +3.5805e+00 -7.9434e-01 +1.5644e+00
97 +3.612690209e+02 +3.612690209e+02 +3.830190209e+02 +3.830190209e+02 +3.0887e+00 +2.0525e-01 -3.3688e+00 +3.3541e+00 +1.4688e+00 +2.4924e+00 -6.7961e-01 -2.3699e+00 +2.8337e+00 +5.9939e-01 +2.6719e+00 +1.3451e+00 +2.3905e+00 -3.0240e+00 +2.9821e+00 -3.7675e+00 +1.9161e+00 +8.6043e-01 -5.3826e-01 +3.0286e+00
% function evaluation | noise-free fitness - Fopt (6.479000000000e+01) | best noise-free fitness - Fopt | measured fitness | best measured fitness | x1 | x2...
1 +2.542653634e+03 +2.542653634e+03 +2.607443634e+03 +2.607443634e+03 -4.4555e+00 +8.6190e-02 +1.6368e+00 +1.2426e-02 +3.7433e+00 -3.1973e+00 +3.0597e+00 +1.4712e+00 -5.5373e-01 -4.0757e+00 +2.8521e+00 -2.5738e+00 -3.0180e+00 -1.0545e-01 +3.6924e+00 -2.0767e+00 +3.5060e+00 -2.1837e+00 +1.9091e+00 +6.9138e-01
2 +2.038568655e+03 +2.038568655e+03 +2.103358655e+03 +2.103358655e+03 +1.5975e+00 -3.2964e+00 -1.3040e+00 -3.4831e+00 -4.5600e+00 -1.5385e-02 -3.4594e-01 +4.9313e-01 -3.5395e+00 -1.7420e-01 +1.8156e-02 +1.0860e+00 -1.9138e+00 -4.8866e+00 +3.7793e+00 -3.7179e+00 -3.2122e+00 +2.8969e+00 +6.6081e-01 -6.4125e-01
3 +1.336578203e+03 +1.336578203e+03 +1.401368203e+03 +1.401368203e+03 -1.6209e-01 +4.5548e+00 -2.8656e+00 -2.4162e+00 +6.3431e-02 +4.3946e+00 -9.3906e-01 -2.0265e+00 -4.7118e+00 +3.3364e+00 -3.3612e+00 +1.0438e+00 -3.0629e+00 +3.8195e+00 +5.4727e-01 -9.7399e-01 +3.4760e+00 -4.9443e+00 -4.3954e+00 +3.9222e-01
23 +9.304067783e+02 +9.304067783e+02 +9.951967783e+02 +9.951967783e+02 +1.0492e+00 -3.7450e+00 -2.9346e+00 +9.2421e-02 +3.8596e+00 -3.4387e-01 -3.1269e+00 -9.2675e-01 +2.1002e+00 +3.7601e+00 +3.9758e+00 -2.9335e+00 -4.1697e-01 +3.9928e+00 -1.0811e+00 -1.6630e+00 +2.8828e+00 +1.4818e+00 +9.9230e-01 -4.3774e+00
43 +5.860144892e+02 +5.860144892e+02 +6.508044892e+02 +6.508044892e+02 +2.2459e+00 +3.5666e+00 -9.8939e-01 -1.7154e+00 +8.4253e-01 +2.8854e+00 -1.4737e+00 -1.8968e+00 -3.7102e+00 +2.2000e-01 -2.1754e+00 +1.2403e+00 -1.6841e+00 +3.9490e+00 -4.8382e-01 +1.9022e+00 -1.8189e+00 -4.3165e-01 -2.2281e+00 +1.5827e+00
63 +2.488431101e+02 +2.488431101e+02 +3.136331101e+02 +3.136331101e+02 +1.1304e+00 -1.6213e+00 +1.2338e+00 +9.8254e-01 +2.3653e+00 -1.9482e+00 -2.4143e+00 -8.5649e-01 -1.1643e+00 +1.4329e+00 +3.5471e+00 -2.8340e-02 +8.5050e-01 +4.0409e+00 -2.6672e+00 +3.3596e+00 +2.2539e+00 +5.1006e-01 +2.1627e-01 -1.4958e+00
% function evaluation | noise-free fitness - Fopt (1.465000000000e+01) | best noise-free fitness - Fopt | measured fitness | best measured fitness | x1 | x2...
1 +4.263594931e+03 +4.263594931e+03 +4.278244931e+03 +4.278244931e+03 -4.6659e+00 +2.5295e+00 +1.2177e+00 -7.3648e-01 -1.2802e+00 -4.8415e+00 +8.4824e-01 -1.4988e+00 +3.4935e+00 +4.5686e+00 -8.4516e-01 -2.3549e+00 +1.0886e+00 +4.0341e+00 -1.1625e+00 -7.4125e-01 -3.2616e+00 -3.3686e-01 -4.4068e+00 +4.8193e+00
2 +3.385312324e+03 +3.385312324e+03 +3.399962324e+03 +3.399962324e+03 +2.6796e+00 +3.2918e+00 -1.0001e+00 +3.6841e+00 +3.2897e+00 +3.4318e+00 +1.1847e+00 -2.0205e+00 -3.6505e+00 -1.7987e+00 +3.3229e+00 -2.0976e+00 +3.8582e+00 +2.8847e+00 -2.5044e+00 -2.0259e+00 -5.5228e-01 +2.7185e+00 +1.9576e+00 +4.8123e+00
5 +1.572995591e+03 +1.572995591e+03 +1.587645591e+03 +1.587645591e+03 -3.2182e+00 -3.8629e+00 -1.7512e-01 +2.3532e-01 +4.9141e+00 -4.9025e+00 +4.9118e+00 +2.3492e-01 -2.7558e+00 -4.3540e-01 +3.0056e+00 -4.3767e+00 +3.2608e-01 +6.8568e-01 +4.9977e+00 +1.5558e-01 +1.5872e+00 -1.0621e+00 -2.4907e+00 +1.2986e+00
24 +9.875561360e+02 +9.875561360e+02 +1.002206136e+03 +1.002206136e+03 -6.8773e-01 -4.7155e+00 +8.9963e-01 +1.3538e+00 -2.6468e+00 +2.0223e+00 -3.3251e+00 +2.8668e+00 -1.1059e+00 -3.6013e+00 +3.5335e+00 -4.1530e+00 -2.3380e+00 +3.1591e+00 +2.6384e+00 -3.7231e+00 +3.3989e+00 -5.9699e-01 -7.6211e-02 +1.6165e+00
50 +5.782589909e+02 +5.782589909e+02 +5.929089909e+02 +5.929089909e+02 +2.7475e+00 -1.1018e+00 +1.1042e+00 +1.9064e+00 +2.7347e-01 +7.7249e-01 -2.5514e+00 -1.0050e+00 -1.1673e+00 -1.1630e+00 +3.5103e+00 -2.0693e+00 -1.6983e+00 +2.9624e-01 +2.4360e+00 -3.7213e+00 +6.8836e-01 +3.5003e-01 +9.9812e-01 +8.8392e-01
125 +3.811382127e+02 +3.811382127e+02 +3.957882127e+02 +3.957882127e+02 +6.3919e-01 -3.8425e+00 +1.7159e+00 -4.8795e-01 +7.4732e-01 +2.5730e+00 -3.6830e+00 +7.1881e-01 -7.6385e-01 -2.4447e+00 -7.0335e-01 -2.1828e+00 -2.4903e+00 -2.8181e+00 +2.0638e+00 -2.4598e+00 +2.8038e+00 +1.7494e+00 -1.4805e+00 +1.3011e+00
% function evaluation | noise-free fitness - Fopt (-4.268100000000e+02) | best noise-free fitness - Fopt | measured fitness | best measured fitness | x1 | x2...
1 +4.036553110e+03 +4.036553110e+03 +3.609743110e+03 +3.609743110e+03 -2.0315e+00 -4.4420e+00 +4.3663e+00 -5.8277e-01 -4.5155e+00 +3.0086e+00 -4.6740e-01 +3.8631e+00 -4.0039e+00 +2.4283e+00 +2.4409e+00 -2.5312e+00 +1.2649e+00 +1.2258e+00 -1.5048e+00 +4.0099e+00 -4.8725e+00 -4.2811e+00 +4.1852e+00 -1.6006e+00
2 +2.301476804e+03 +2.301476804e+03 +1.874666804e+03 +1.874666804e+03 -3.1315e-01 -4.9375e+00 -3.3332e+00 -1.6068e+00 -9.1190e-01 -3.7958e+00 -1.1798e-01 +1.4994e+00 +8.7357e-02 -3.0600e+00 -2.6539e-01 -2.2661e+00 -3.0981e+00 +1.8607e-01 -3.2108e+00 +3.2410e+00 +4.9963e+00 +8.7051e-01 +3.3277e+00 +8.6168e-01
4 +1.580068486e+03 +1.580068486e+03 +1.153258486e+03 +1.153258486e+03 -4.9075e+00 -2.7498e+00 -2.7205e+00 -1.4921e+00 +1.0593e+00 -1.7052e+00 +2.4924e+00 +2.3491e+00 +2.0270e+00 -2.7457e-01 +6.7622e-01 -1.4594e+00 -1.7573e+00 +7.2597e-01 +1.1253e+00 -5.6834e-01 +3.6449e+00 +2.2997e+00 -1.4873e+00 +4.3570e-01
6 +6.647604269e+02 +6.647604269e+02 +2.379504269e+02 +2.379504269e+02 -1.7710e+00 +7.0908e-02 +9.0893e-01 -3.6529e-01 +3.9226e+00 +3.7056e+00 +8.3649e-01 -3.9767e+00 -1.1593e+00 -1.7734e+00 -1.4927e+00 +4.0854e+00 -1.2013e+00 +7.7313e-01 -2.1234e+00 +2.9776e-01 -6.8976e-01 -9.3668e-01 +1.1077e+00 +3.3600e+00
51 +5.810303116e+02 +5.810303116e+02 +1.542203116e+02 +1.542203116e+02 -1.7861e+00 +1.7876e+00 +5.9932e-01 -1.4552e+00 +1.7171e+00 +3.5641e+00 +2.8442e-02 +2.1588e+00 -9.3535e-01 -2.5052e+00 -1.4780e+00 +7.6815e-01 +1.0424e-02 +3.2155e+00 -9.3998e-01 +8.9067e-02 +8.3654e-01 -8.0297e-01 +2.3194e+00 +3.4732e+00
103 +3.901801849e+02 +3.901801849e+02 -3.662981510e+01 -3.662981510e+01 -1.3927e+00 +1.7341e+00 +2.6506e+00 -1.2534e+00 +2.1329e+00 +2.9687e+00 +1.3157e+00 -1.6990e+00 -9.0205e-01 -1.9119e+00 -1.1460e+00 +9.5268e-01 +2.0779e-03 +2.0802e+00 -1.3507e+00 +5.2801e-01 +6.2140e-01 +5.8154e-01 +2.0358e+00 +3.2422e+00
104 +1.957574794e+02 +1.957574794e+02 -2.310525206e+02 -2.310525206e+02 -1.7436e+00 -4.4673e-01 -7.5127e-01 -7.9925e-01 +2.0526e+00 +3.3794e+00 +1.7017e-01 +4.0262e-02 -1.6682e+00 +1.2244e+00 -1.4500e+00 +6.6214e-01 +4.5424e-01 +1.9811e+00 -5.7990e-01 +7.7504e-01 +2.8788e-01 -2.8703e-01 +1.3072e+00 +3.4859e+00
162 +1.572834027e+02 +1.572834027e+02 -2.695265973e+02 -2.695265973e+02 -1.7476e+00 +1.4538e+00 -2.8592e-01 -1.1223e+00 +2.0326e+00 +3.3913e+00 +1.6733e-01 +4.3998e-01 -1.3832e+00 +1.2235e+00 -1.4540e+00 +6.8441e-01 +1.3246e-01 +2.0012e+00 -7.4627e-01 +6.9142e-01 +2.8883e-01 -5.2108e-01 +1.3151e+00 +3.4859e+00
% function evaluation | noise-free fitness - Fopt (1.021000000000e+01) | best noise-free fitness - Fopt | measured fitness | best measured fitness | x1 | x2...
1 +1.527184002e+03 +1.527184002e+03 +1.537394002e+03 +1.537394002e+03 +1.0664e+00 +1.5595e+00 +2.8872e+00 -1.3773e+00 +3.4729e+00 +3.4106e-01 -2.1154e+00 +3.1312e+00 +2.4279e+00 +2.2479e+00 -3.7945e-01 -1.0209e+00 +3.0517e+00 -2.8000e+00 -3.5720e+00 -1.4146e+00 +3.6986e+00 +3.6987e+00 +2.8949e+00 +6.2918e-01
26 +9.155155038e+02 +9.155155038e+02 +9.257255038e+02 +9.257255038e+02 +3.5391e+00 +2.6971e+00 +1.9884e+00 +6.1548e-01 -3.8288e+00 -2.0028e+00 +2.9850e+00 -1.6717e+00 -2.1938e+00 -1.9824e+00 +4.7400e+00 -1.8159e+00 +8.3669e-01 -3.8138e+00 +4.4387e-01 +1.3022e+00 +2.9144e+00 +3.7067e+00 -3.6063e+00 -6.5100e-01
36 +6.181376542e+02 +6.181376542e+02 +6.283476542e+02 +6.283476542e+02 -1.2943e+00 -3.6100e+00 -4.5532e-01 -1.8236e-01 -5.0328e-01 +2.3056e+00 +9.8006e-01 -5.5642e-01 -9.0512e-01 -2.0472e+00 +1.7775e-01 +3.1424e+00 +3.7878e+00 -2.0024e-01 -1.1096e-01 -1.8974e+00 -4.8840e-01 -3.7564e+00 +1.3256e+00 -3.2034e-01
100 +3.874658614e+02 +3.874658614e+02 +3.976758614e+02 +3.976758614e+02 +1.2529e+00 -7.8758e-01 +6.2804e-01 -2.0399e+00 -2.8795e+00 -6.5209e-01 +1.3906e+00 -1.5243e+00 -1.0992e+00 -2.0530e+00 +8.3221e-02 +2.1590e+00 +1.7993e+00 -4.6978e-01 +3.9798e-02 +1.9766e+00 +1.6445e+00 -8.9605e-01 -1.2926e+00 +7.3353e-02
185 +2.458458579e+02 +2.458458579e+02 +2.560558579e+02 +2.560558579e+02 +1.9180e+00 -8.2199e-01 +1.1275e+00 -1.4218e+00 -2.4298e+00 +7.4145e-01 +2.4919e+00 -1.5768e+00 -1.2888e+00 -2.1553e+00 +1.1090e+00 +2.1973e+00 +2.0106e+00 -1.1649e+00 -3.2242e-01 -4.5771e-01 +1.7163e+00 -1.2494e+00 -9.0045e-01 -3.5682e-02
% function evaluation | noise-free fitness - Fopt (3.906000000000e+01) | best noise-free fitness - Fopt | measured fitness | best measured fitness | x1 | x2...
1 +2.032009741e+03 +2.032009741e+03 +2.071069741e+03 +2.071069741e+03 -2.9777e+00 +3.3327e+00 +9.5306e-01 -4.2239e+00 -3.0055e+00 +4.9472e+00 +2.8522e+00 +2.7025e-01 -2.8385e+00 +2.2482e+00 -4.1769e-01 -1.1827e+00 -1.7097e+00 -4.3746e+00 -1.3983e+00 +4.5603e+00 -3.7938e+00 -3.5565e-02 -4.7680e+00 -1.8245e+00
3 +1.512770894e+03 +1.512770894e+03 +1.551830894e+03 +1.551830894e+03 +3.2172e+00 -1.2064e+00 -1.9894e-01 +2.5931e+00 -4.9617e+00 +9.3692e-01 +2.0626e+00 +3.1402e+00 +1.0771e+00 +1.2264e+00 +1.7756e+00 +4.4768e+00 +1.7941e+00 -2.8162e+00 -1.8995e+00 -4.2125e+00 +3.5564e-01 +1.1736e+00 -1.8206e+00 +2.7240e+00
41 +7.829509289e+02 +7.829509289e+02 +8.220109289e+02 +8.220109289e+02 +3.8987e-01 -5.3640e-01 +2.0623e+00 -1.5453e+00 -3.0247e+00 +2.4056e+00 +2.1767e+00 -7.8813e-02 -3.4135e+00 +2.4271e+00 +1.0787e+00 -1.4227e+00 -9.4865e-01 -3.8705e+00 +7.9303e-01 -2.7396e+00 -2.0935e-01 -3.4309e-01 -4.6855e+00 +1.7987e-01
50 +5.567654645e+02 +5.567654645e+02 +5.958254645e+02 +5.958254645e+02 -1.2430e-01 -7.5763e-01 +3.7969e+00 +2.7458e-01 -3.5232e+00 -1.8424e-01 -6.6999e-01 -3.5968e+00 -1.9284e-01 +8.8952e-01 +1.4444e+00 -1.2845e+00 +1.2809e-01 +3.5076e-01 +2.5472e-01 -3.2219e+00 -3.7109e-01 +1.0241e-01 -1.2022e+00 -2.4518e-02
125 +3.588863652e+02 +3.588863652e+02 +3.979463652e+02 +3.979463652e+02 -8.1297e-01 -1.4440e-01 +1.4338e+00 +1.4594e+00 -2.4471e+00 +2.3431e+00 -9.7001e-01 -2.8073e+00 -1.0761e+00 +3.9267e-01 +1.5963e+00 -1.4691e+00 +9.5452e-01 +1.0364e+00 +1.0261e+00 +2.4786e-01 +3.5831e-01 -2.0754e+00 -4.4494e-01 +2.5028e+00
% function evaluation | noise-free fitness - Fopt (-1.771000000000e+01) | best noise-free fitness - Fopt | measured fitness | best measured fitness | x1 | x2...
1 +3.213945245e+03 +3.213945245e+03 +3.196235245e+03 +3.196235245e+03 -4.4124e+00 +1.2868e+00 -3.9442e+00 +1.1346e+00 +4.5254e+00 +7.2242e-01 +1.5862e+00 -1.1705e+00 -5.9450e-01 +2.1122e+00 +1.4597e+00 -3.8044e+00 +1.1326e+00 -3.3099e+00 -3.7421e+00 +2.7518e+00 +1.9584e+00 +2.8663e+00 +9.9939e-01 +8.1149e-01
3 +1.474138420e+03 +1.474138420e+03 +1.456428420e+03 +1.456428420e+03 -1.4682e+00 +1.8545e-01 -6.7248e-01 -1.3167e+00 -4.2170e+00 -3.2452e-01 +1.0824e+00 -1.2925e+00 -4.3426e-01 +1.9705e+00 +3.0612e+00 -3.5403e+00 +3.5116e+00 +4.6239e+00 -3.5519e+00 +4.4448e+00 +3.4322e+00 -3.0500e+00 -3.2789e+00 +3.4925e+00
6 +8.214296744e+02 +8.214296744e+02 +8.037196744e+02 +8.037196744e+02 +6.7007e-02 +4.6379e+00 -3.2695e+00 -1.8627e-01 +6.9184e-01 -4.8942e+00 -3.3714e+00 +2.2872e+00 +2.8246e+00 -5.1687e-01 -2.0508e+00 -1.2205e+00 +9.2240e-01 +4.7353e-01 -1.0284e+00 +2.1643e+00 +1.2509e+00 +2.9998e+00 -4.7235e+00 -1.8027e+00
73 +5.970481748e+02 +5.970481748e+02 +5.793381748e+02 +5.793381748e+02 +2.4308e+00 +4.6700e+00 -2.8097e+00 +1.4493e+00 -1.1444e+00 +3.5279e+00 -2.1908e+00 +1.2560e+00 -6.2573e-01 -1.7440e+00 +3.5165e+00 -7.8957e-01 +9.9873e-01 +2.1604e+00 +8.9144e-02 +3.7465e-02 +1.0076e+00 +3.0550e+00 -2.5135e+00 -1.8887e+00
139 +3.964484599e+02 +3.964484599e+02 +3.787384599e+02 +3.787384599e+02 -1.4265e+00 +2.3385e+00 -3.9249e+00 +8.2811e-01 -6.6601e-01 -4.1276e+00 -3.0428e+00 +2.1867e+00 +3.0473e+00 -9.8655e-01 -1.0412e+00 +8.3839e-01 +1.9271e+00 -1.8360e+00 -1.3870e-01 -7.9283e-01 +1.7854e+00 +9.9185e-01 -2.3548e+00 -2.6127e-01
% function evaluation | noise-free fitness - Fopt (2.632000000000e+02) | best noise-free fitness - Fopt | measured fitness | best measured fitness | x1 | x2...
1 +1.336331078e+03 +1.336331078e+03 +1.599531078e+03 +1.599531078e+03 -4.5067e+00 +1.8916e+00 -1.9650e+00 -4.8896e+00 +1.1572e-01 -3.3093e-02 +1.2035e+00 -8.3165e-01 +2.7472e+00 +4.0002e+00 +4.3777e-01 -2.6247e+00 +1.9130e+00 -3.8012e-01 -3.6927e+00 +3.9857e+00 +1.3796e+00 +1.9101e+00 +4.9873e+00 -1.4591e+00
48 +7.778777755e+02 +7.778777755e+02 +1.041077775e+03 +1.041077775e+03 -3.8429e+00 -1.6497e+00 +1.0269e-01 +5.4135e-01 -9.1626e-01 -4.8334e-02 +7.8242e-02 -3.0634e+00 -1.0210e+00 +1.9460e+00 +3.7331e+00 +9.4381e-01 -1.3489e+00 -3.7049e+00 -1.6999e+00 +1.2948e-01 +2.6925e+00 +3.7458e+00 +1.6780e+00 -1.2053e+00
61 +5.848357874e+02 +5.848357874e+02 +8.480357874e+02 +8.480357874e+02 -1.5910e+00 +1.9652e+00 +3.2528e+00 +1.4603e+00 +2.8793e+00 -2.3117e-01 +3.5299e-01 -2.5138e+00 -2.5489e-01 +1.8150e+00 -2.8510e+00 -6.6584e-01 -1.9771e+00 +3.4499e+00 -7.0318e-01 -1.2505e-01 +2.1441e+00 +2.2327e+00 +1.2149e+00 +5.7528e-01
% function evaluation | noise-free fitness - Fopt (1.414000000000e+01) | best noise-free fitness - Fopt | measured fitness | best measured fitness | x1 | x2...
1 +2.915674525e+03 +2.915674525e+03 +2.929814525e+03 +2.929814525e+03 -2.6455e-01 +2.5499e+00 +2.2974e+00 +3.1214e+00 +3.2331e+00 +3.0403e-01 -3.4586e+00 -2.8119e+00 -2.5226e+00 +4.0518e+00 -1.9297e+00 -3.9822e+00 +1.2850e+00 +2.1736e+00 -4.4464e+00 +3.3008e+00 +4.0877e+00 -2.0805e+00 -9.4046e-01 +4.2158e-01
2 +1.036248543e+03 +1.036248543e+03 +1.050388543e+03 +1.050388543e+03 +9.3217e-01 +4.0463e+00 -4.9725e+00 +6.1333e-01 +4.3146e+00 +7.9743e-01 -1.3637e+00 -4.9580e+00 -4.5753e+00 -2.8678e+00 +1.9786e+00 -2.8249e+00 -4.0987e+00 +3.8118e+00 -2.4643e+00 +2.4303e+00 +8.8515e-01 +3.9219e+00 -2.2460e+00 +2.4769e+00
4 +7.103434479e+02 +7.103434479e+02 +7.244834479e+02 +7.244834479e+02 +3.2373e-01 -3.0005e+00 -1.4564e-01 -3.1076e+00 -3.9171e+00 +3.1692e-01 +6.9753e-01 -2.1814e+00 +1.8356e-02 -2.9506e+00 -2.3326e-01 +4.3280e+00 +1.3699e+00 +4.2455e+00 +6.7845e-01 +9.6245e-01 -2.9218e+00 +4.9882e+00 -1.3741e+00 +1.7471e-01
44 +5.154768068e+02 +5.154768068e+02 +5.296168068e+02 +5.296168068e+02 +1.4880e+00 +1.3199e+00 -3.0019e-01 -5.1736e-01 -1.1802e+00 -6.6747e-02 +2.4940e+00 -1.3655e+00 -1.2042e+00 -2.5388e+00 -4.6016e-01 +3.5443e+00 +2.7680e+00 +1.9338e+00 -6.4560e-01 +1.0453e+00 +3.9841e-01 +1.2067e+00 -2.8101e+00 +3.2825e+00
47 +3.959113255e+02 +3.959113255e+02 +4.100513255e+02 +4.100513255e+02 +2.7225e+00 +4.8308e-01 +2.9698e+00 +2.1621e-02 +3.1793e+00 -4.8794e-02 +2.9736e+00 +1.5998e+00 -1.8098e+00 -1.5327e+00 +9.8279e-01 +1.5487e+00 -1.2678e+00 -2.7954e+00 -6.3848e-01 +1.0296e+00 -7.1548e-01 +1.7211e+00 -2.2451e+00 +1.9745e+00
124 +2.386143537e+02 +2.386143537e+02 +2.527543537e+02 +2.527543537e+02 +2.9599e+00 -2.9167e-01 +1.9512e+00 +8.5521e-02 +2.8383e+00 -9.7154e-02 +2.6445e+00 +1.4699e+00 -9.4824e-01 -1.1581e+00 +3.2837e-01 +1.7057e+00 +1.0082e+00 -2.2564e+00 -1.1154e+00 +1.0272e+00 -4.5078e-01 +1.2296e+00 -2.3054e+00 -3.8764e-01
257 +1.564146966e+02 +1.564146966e+02 +1.705546966e+02 +1.705546966e+02 +2.7612e+00 +2.0925e-02 +1.8523e+00 +3.9113e-02 +1.0077e+00 -1.1719e+00 +2.4087e+00 +1.3682e+00 -9.0405e-01 -8.4860e-01 -8.9661e-01 +1.7322e+00 +1.6813e+00 -1.7849e+00 -2.0608e+00 +9.9372e-01 +4.1183e-01 +1.2662e+00 -2.5811e+00 -1.7879e-01
% function evaluation | noise-free fitness - Fopt (4.242000000000e+01) | best noise-free fitness - Fopt | measured fitness | best measured fitness | x1 | x2...
1 +1.525232600e+03 +1.525232600e+03 +1.567652600e+03 +1.567652600e+03 -3.4205e+00 -1.8197e+00 +3.0592e+00 -4.6232e+00 +2.3235e+00 +3.3362e+00 -4.1697e+00 +8.6590e-01 +3.6918e+00 -2.9946e+00 +2.6921e-01 +4.1455e-01 +2.1458e+00 -3.7945e+00 +8.8839e-01 -3.9168e+00 +4.2382e+00 +3.6276e+00 -4.7805e+00 -2.7084e+00
26 +9.050468088e+02 +9.050468088e+02 +9.474668088e+02 +9.474668088e+02 +1.7213e+00 -1.8622e-01 +1.5820e+00 -1.6529e+00 +3.1619e+00 -9.0798e-01 -1.3065e+00 +2.3141e+00 +3.7871e+00 +1.5567e+00 +4.3288e+00 +3.0497e+00 -3.3651e+00 +6.0920e-01 -2.3695e+00 +5.5148e-01 -1.0608e+00 -4.0717e+00 +4.2199e+00 -1.4543e+00
39 +6.228080569e+02 +6.228080569e+02 +6.652280569e+02 +6.652280569e+02 -7.0956e-01 -1.9574e+00 -3.1558e+00 -3.3394e+00 -1.6470e+00 +4.4500e+00 +4.3859e+00 +3.4445e+00 -3.0874e+00 -3.6857e+00 +2.5206e+00 -4.8828e+00 +4.9899e+00 +4.8446e+00 +2.4105e+00 +4.4921e+00 -3.8398e+00 -4.4887e+00 -9.5589e-01 -3.3206e+00
89 +3.127374889e+02 +3.127374889e+02 +3.551574889e+02 +3.551574889e+02 -1.5303e+00 -1.7250e+00 -1.2273e+00 +2.7432e-01 +1.8458e+00 -1.6125e+00 +2.6986e+00 +3.3307e+00 -2.0756e+00 -1.6100e+00 +2.4486e+00 -3.9951e+00 +2.9751e+00 +2.2429e+00 +2.5772e+00 +1.5994e+00 -1.7307e+00 -1.5639e+00 -1.4482e+00 -2.7077e+00
158 +2.480395280e+02 +2.480395280e+02 +2.904595280e+02 +2.904595280e+02 +2.4604e+00 -1.7923e+00 -1.2036e+00 -2.2356e+00 +1.8805e+00 -3.1815e+00 +1.9680e+00 +3.2622e+00 -2.9051e+00 -1.3521e+00 +1.1092e+00 -2.4006e+00 -6.8914e-01 +4.1865e-01 +1.2136e+00 +1.8584e+00 -1.5901e+00 -2.7664e+00 +5.5032e-02 -2.9681e+00
% function evaluation | noise-free fitness - Fopt (2.350000000000e+00) | best noise-free fitness - Fopt | measured fitness | best measured fitness | x1 | x2...
1 +1.468309403e+03 +1.468309403e+03 +1.470659403e+03 +1.470659403e+03 +3.4950e+00 -2.6693e+00 +3.2175e+00 +2.4513e+00 +3.5839e+00 -1.7929e+00 +2.2172e+00 -2.8878e+00 -3.7546e+00 -4.7270e+00 -3.0938e+00 +1.1162e+00 +3.7551e-02 -3.9024e+00 +2.9621e+00 -1.6833e+00 +7.3338e-01 +2.2169e+00 -2.7960e-01 +1.8630e+00
17 +8.834469970e+02 +8.834469970e+02 +8.857969970e+02 +8.857969970e+02 -1.6510e+00 -2.2770e+00 +5.2525e-03 +1.1162e+00 +2.7416e+00 -2.7218e+00 -2.6135e+00 +1.1765e+00 +4.5661e+00 +3.3854e+00 +2.3594e+00 -3.4372e+00 +2.5686e+00 -4.5922e-01 +1.0240e+00 -2.7611e-01 +4.4095e+00 +4.1622e+00 -2.2554e+00 +1.1956e+00
41 +6.298967292e+02 +6.298967292e+02 +6.322467292e+02 +6.322467292e+02 +2.5039e+00 -2.4726e+00 +1.8844e+00 +1.1571e+00 +2.7728e+00 -2.5857e+00 +1.7270e+00 -2.4915e+00 +3.1615e+00 +2.0766e+00 -7.6953e-01 -3.2142e+00 +4.2405e-02 -1.7371e+00 +1.8094e+00 -9.5105e-01 +3.9925e+00 +2.6270e+00 -1.7365e+00 +1.2055e+00
176 +3.793256523e+02 +3.793256523e+02 +3.816756523e+02 +3.816756523e+02 +8.3905e-01 -1.4847e+00 +9.5446e-01 -1.9688e+00 +3.9903e-01 -2.5203e+00 -1.9883e+00 -4.9189e-01 +4.6319e+00 +1.6064e-01 +2.3194e+00 -1.0309e+00 +1.8645e+00 -1.3584e+00 -3.0743e-01 -2.8052e-01 +3.1885e+00 +2.0979e+00 -3.9878e-02 +3.9587e-01
% function evaluation | noise-free fitness - Fopt (-1.223600000000e+02) | best noise-free fitness - Fopt | measured fitness | best measured fitness | x1 | x2...
1 +1.811314190e+03 +1.811314190e+03 +1.688954190e+03 +1.688954190e+03 +2.0732e+00 -4.0086e+00 -4.0426e+00 +4.5555e-01 +9.6693e-01 -7.8629e-01 +1.2063e+00 -4.6726e+00 -3.1568e+00 -9.1342e-01 -1.7589e+00 -3.0283e+00 +6.9815e-01 -2.6200e+00 +3.6426e-01 +2.9725e+00 +7.0046e-01 +3.2560e+00 -5.5902e-01 -4.0462e+00
3 +1.362840519e+03 +1.362840519e+03 +1.240480519e+03 +1.240480519e+03 -1.0275e+00 -3.7610e+00 +4.1616e+00 +1.6317e+00 -4.3368e+00 +4.0490e+00 +3.1887e+00 +4.9179e+00 +3.5801e-01 +3.2791e+00 +2.0479e+00 -3.3125e-01 -1.9375e+00 -3.6649e-01 -2.7337e+00 -3.5898e+00 +1.5813e+00 +4.7231e+00 -2.6676e+00 +4.7609e+00
14 +9.717954253e+02 +9.717954253e+02 +8.494354253e+02 +8.494354253e+02 +1.2256e+00 +8.7324e-01 +7.0305e-01 -1.6279e+00 -4.8858e+00 -5.5479e-01 -3.3531e+00 +2.6586e+00 +1.6634e+00 -2.7982e+00 +3.7606e+00 +2.0047e+00 -1.8485e+00 -1.3684e-01 -8.8778e-01 +3.1165e+00 +8.4745e-01 -4.9005e+00 +3.3941e+00 +6.3635e-01
50 +5.834034900e+02 +5.834034900e+02 +4.610434900e+02 +4.610434900e+02 +1.2117e+00 -7.5897e-01 +8.8947e-01 +1.2305e+00 -4.7368e+00 +1.7712e+00 -3.3387e+00 +2.6493e+00 +8.0773e-01 -2.0308e+00 +3.2800e+00 +3.1579e+00 -2.3736e+00 +1.3756e+00 +4.5325e+00 +3.8380e+00 +1.4156e+00 -1.8414e+00 -8.4591e-03 +4.4971e-01
125 +3.970963804e+02 +3.970963804e+02 +2.747363804e+02 +2.747363804e+02 +1.2932e+00 -8.3895e-01 +1.1002e+00 -8.1574e-01 -4.6764e+00 -6.7232e-01 -2.5897e+00 +4.4819e+00 +1.5474e+00 -1.2233e+00 -4.9011e-01 +6.6654e-01 -5.2354e-01 -1.2291e+00 -9.8592e-01 -2.4298e+00 +1.3853e+00 -2.2367e+00 +2.7856e+00 -7.2502e-01
