% function evaluation | noise-free fitness - Fopt (3.590000000000e+01) | best noise-free fitness - Fopt | measured fitness | best measured fitness | x1 | x2...
1 +4.563410771e+05 +4.563410771e+05 +4.563769771e+05 +4.563769771e+05 +2.6394e+00 +4.2838e+00 +2.6194e+00 -4.4926e+00 -1.9809e+00 -3.5272e+00 +2.8022e+00 -5.8569e-01 -3.1698e+00 -3.2221e+00 -3.1583e+00 -3.5179e+00 +2.1642e+00 +4.9473e-01 +4.6691e+00 -2.9829e+00 +1.5422e+00 +2.3873e+00 -1.0664e+00 -6.8981e-01
55 +3.167685792e+05 +3.167685792e+05 +3.168044792e+05 +3.168044792e+05 +5.0308e-01 +4.2950e+00 +6.7097e-01 +5.1673e-01 -2.1871e+00 -2.3811e+00 +2.6543e+00 -3.7141e-01 -3.4953e+00 -2.6640e+00 -3.4585e+00 -2.2139e+00 -3.5639e-01 +2.2157e+00 +3.7616e+00 -2.8015e+00 +1.3313e+00 +3.8398e+00 -1.9889e+00 +1.2745e+00
69 +2.362631016e+05 +2.362631016e+05 +2.362990016e+05 +2.362990016e+05 +1.4408e+00 +3.0751e+00 +3.5598e+00 +3.6577e+00 -1.8712e+00 -3.8620e+00 -9.2388e-01 -5.0887e-01 -2.0967e+00 +2.0267e+00 -3.1311e+00 -2.6030e+00 +3.8349e-01 -1.1244e+00 +4.3328e+00 -1.3970e+00 +1.2703e+00 +2.3272e+00 -1.4175e+00 +6.7427e-01
117 +1.560218275e+05 +1.560218275e+05 +1.560577275e+05 +1.560577275e+05 +1.3070e+00 +3.4878e+00 +3.3160e+00 +2.7674e+00 -1.8768e+00 -3.8516e+00 +1.4951e-01 -2.2563e-01 -2.1369e+00 -1.6303e+00 -3.6308e+00 -2.7679e+00 +7.6040e-01 -3.1828e+00 +3.6881e+00 -1.7112e+00 +1.0844e+00 +1.9597e+00 -1.4449e+00 +6.5677e-01
% function evaluation | noise-free fitness - Fopt (3.137000000000e+01) | best noise-free fitness - Fopt | measured fitness | best measured fitness | x1 | x2...
1 +1.092207264e+06 +1.092207264e+06 +1.092238634e+06 +1.092238634e+06 +1.7339e+00 +2.2434e+00 -3.9462e+00 -3.0261e+00 +2.7160e+00 +2.1103e+00 +3.6205e+00 -2.2214e+00 -3.9619e+00 -3.5769e+00 +2.7390e+00 -3.9825e+00 +1.7480e+00 -4.9829e+00 +1.6230e+00 -3.2309e+00 -1.2662e+00 +2.5938e+00 -4.8341e+00 -2.4403e+00
2 +9.908389527e+05 +9.908389527e+05 +9.908703227e+05 +9.908703227e+05 +4.9903e+00 +3.5469e+00 -4.6968e+00 -1.0444e+00 -4.7098e+00 +2.8702e+00 +5.6650e-01 -3.3858e+00 +3.0239e+00 +2.2962e+00 -5.2720e-01 +4.2823e+00 +4.1477e+00 +3.1644e+00 -2.3200e+00 +4.6588e+00 -1.8477e+00 +2.1746e+00 +2.6113e-01 +4.1230e+00
3 +3.750555073e+05 +3.750555073e+05 +3.750868773e+05 +3.750868773e+05 -5.2394e-02 -1.2964e-01 -3.0277e+00 +4.7250e+00 -3.0937e+00 -4.7487e+00 +3.2285e+00 -3.5897e+00 -7.2929e-03 -2.7321e+00 -2.8543e+00 -3.9719e+00 -2.2055e-01 -4.4275e+00 -2.5786e+00 -3.6765e+00 +1.6859e+00 -1.3521e+00 -3.1977e+00 +3.4709e+00
82 +2.155455736e+05 +2.155455736e+05 +2.155769436e+05 +2.155769436e+05 +2.7634e+00 +2.5045e+00 -3.7486e+00 +1.7569e+00 -1.4164e+00 -1.9657e+00 +2.5558e+00 -2.0771e-01 +3.6154e-01 +2.6794e-01 -5.7733e-01 +9.4869e-01 +1.7642e+00 -6.2898e-02 -1.7238e-01 -8.8223e-01 +2.7605e+00 -3.4177e+00 -1.3671e+00 -1.2414e+00
87 +1.222460124e+05 +1.222460124e+05 +1.222773824e+05 +1.222773824e+05 +3.2494e-01 +2.3456e+00 -2.8364e+00 +2.0522e+00 +1.1879e+00 -2.6063e+00 -5.5489e-01 +3.8337e+00 +6.3313e-01 -6.8389e-03 -4.2566e-01 -1.4202e+00 -6.2023e-01 +2.1434e-01 +9.6440e-01 +3.3157e+00 +1.6090e+00 -3.8220e+00 -2.9420e+00 -3.1176e+00
156 +8.543357713e+04 +8.543357713e+04 +8.546494713e+04 +8.546494713e+04 +3.2494e-01 +2.3456e+00 -2.8364e+00 +2.0522e+00 +1.1879e+00 -2.6063e+00 -5.5489e-01 +3.8337e+00 +6.3313e-01 -6.8389e-03 -4.2566e-01 -1.4202e+00 -6.2023e-01 +2.1434e-01 +9.6440e-01 +3.3157e+00 +1.6090e+00 -3.8220e+00 -2.9420e+00 -7.3544e-01
482 +6.304840379e+04 +6.304840379e+04 +6.307977379e+04 +6.307977379e+04 +5.2149e-01 +2.3619e+00 -2.8605e+00 +2.0512e+00 +5.9309e-01 -2.5957e+00 -5.0498e-01 +3.7325e+00 +3.0471e-01 -3.9890e-02 -4.3058e-01 -1.4161e+00 -6.2398e-01 -8.1316e-01 +9.6330e-01 +3.2584e+00 +1.6770e+00 -3.8196e+00 -2.6267e+00 -1.0702e+00
% function evaluation | noise-free fitness - Fopt (-1.000000000000e+03) | best noise-free fitness - Fopt | measured fitness | best measured fitness | x1 | x2...
1 +1.870326677e+06 +1.870326677e+06 +1.869326677e+06 +1.869326677e+06 +4.4254e+00 -1.3880e+00 -4.9235e+00 +1.7726e+00 -3.0121e+00 -3.1787e+00 +3.6779e+00 -4.8682e+00 -2.4977e+00 +4.7574e-02 -9.5596e-01 +1.7121e+00 -4.6851e+00 -4.3219e+00 +9.2794e-01 +3.9634e+00 +2.1897e+00 +4.5018e+00 +2.1828e+00 -2.5738e+00
2 +1.242543563e+06 +1.242543563e+06 +1.241543563e+06 +1.241543563e+06 +3.8535e+00 -4.0980e+00 +4.9680e+00 -4.8418e+00 +9.6549e-01 +3.2004e+00 -3.7283e-01 -4.1861e+00 -1.7705e-02 -1.2060e+00 -4.5050e+00 +2.0081e+00 -1.7191e+00 +1.6856e+00 +2.6288e+00 -4.3226e+00 +2.5076e+00 -3.7774e+00 +1.2796e+00 -6.7709e-01
3 +3.201061986e+05 +3.201061986e+05 +3.191061986e+05 +3.191061986e+05 +2.0218e+00 -4.3129e+00 -1.7288e+00 +3.0135e+00 -4.7065e-01 +4.6897e+00 +3.4428e+00 -7.8180e-01 +3.7902e+00 -3.4920e+00 +4.4842e+00 -3.9109e+00 -1.5450e+00 +2.4598e+00 -4.1942e+00 -2.7266e+00 -1.8233e+00 +2.4083e+00 +2.3347e+00 +2.3523e+00
43 +2.078574302e+05 +2.078574302e+05 +2.068574302e+05 +2.068574302e+05 -5.0851e-01 -4.2273e-01 +2.5057e+00 +1.9741e+00 +2.6551e-01 +8.0162e-01 +1.6900e+00 -2.6238e-01 +3.4377e+00 -2.0269e+00 +3.3509e+00 -2.9026e+00 -1.0009e+00 +3.0200e+00 -4.1817e+00 -2.0597e+00 -2.6152e+00 +3.3887e+00 -1.8551e+00 +1.4840e+00
105 +1.567191668e+05 +1.567191668e+05 +1.557191668e+05 +1.557191668e+05 +5.7541e-01 +3.1204e+00 +3.5365e+00 -8.8985e-01 +4.0416e-01 +3.2817e-01 +2.4123e+00 -2.4977e+00 +5.9211e-01 +3.0791e+00 +1.8730e+00 +1.2597e+00 +1.1435e+00 +1.8360e+00 +1.3558e-01 -2.7960e+00 -2.3834e+00 +3.6125e+00 -5.4221e-01 +2.5541e+00
% function evaluation | noise-free fitness - Fopt (1.319200000000e+02) | best noise-free fitness - Fopt | measured fitness | best measured fitness | x1 | x2...
1 +1.858705201e+06 +1.858705201e+06 +1.858837121e+06 +1.858837121e+06 -3.1165e+00 -6.5802e-01 +4.0370e+00 +3.2940e+00 -7.2736e-01 +3.2377e+00 -9.4009e-01 +4.5896e+00 -1.2075e+00 -3.2124e+00 +1.0898e+00 +2.0879e-01 +1.8942e+00 +2.8885e-01 -4.5839e+00 +4.0971e+00 -1.3889e+00 +3.2147e-02 -8.1575e-01 +1.0199e+00
2 +1.313713468e+06 +1.313713468e+06 +1.313845388e+06 +1.313845388e+06 -4.6573e+00 -2.6741e+00 +4.4005e+00 +4.7028e+00 -3.0597e+00 -1.6318e+00 -1.2042e+00 +4.3711e+00 -3.3000e+00 +4.0245e+00 +6.2087e-01 -8.3862e-01 +2.4249e+00 +1.1830e+00 +4.2902e+00 -2.7043e+00 +2.8922e+00 -9.5329e-01 +4.6414e-01 -2.8889e+00
26 +9.572935386e+05 +9.572935386e+05 +9.574254586e+05 +9.574254586e+05 -2.4620e+00 +1.1459e+00 -3.4451e+00 +4.3160e+00 +1.6732e+00 -3.8926e+00 -1.2240e+00 +1.3990e-01 +3.2121e-01 +3.1608e+00 +1.4818e+00 +2.3041e+00 -1.3477e+00 -4.9500e+00 +9.1170e-01 -4.5798e+00 -4.7941e+00 -2.3935e+00 +1.7469e+00 +4.0194e+00
50 +5.820129294e+05 +5.820129294e+05 +5.821448494e+05 +5.821448494e+05 -2.4023e+00 +2.5644e+00 -3.8203e+00 +4.2017e+00 +1.8474e+00 -3.6708e+00 +2.2274e+00 +2.4599e+00 +1.6250e+00 +2.4979e+00 +1.4874e+00 +3.3397e-01 -1.8522e+00 -4.2442e+00 +1.0105e+00 -2.2813e+00 -2.8572e-01 -2.3770e+00 -7.6985e-01 +3.1936e+00
954 +3.839475057e+05 +3.839475057e+05 +3.840794257e+05 +3.840794257e+05 -3.2883e+00 +2.0223e+00 -3.3502e+00 +3.4448e+00 +1.5641e+00 -3.5415e+00 -6.0645e-02 +1.0767e+00 -1.0603e+00 +2.6901e+00 +1.5446e+00 +9.5416e-01 -1.5522e+00 -1.8189e+00 +9.0349e-01 -3.7738e+00 -6.6615e-01 -1.9518e+00 -7.1748e-01 +3.1959e+00
% function evaluation | noise-free fitness - Fopt (5.908400000000e+02) | best noise-free fitness - Fopt | measured fitness | best measured fitness | x1 | x2...
1 +5.820094880e+05 +5.820094880e+05 +5.826003280e+05 +5.826003280e+05 -2.6123e+00 -4.6253e+00 +4.9528e+00 +4.6851e+00 +1.4461e+00 -3.0127e+00 +4.8449e+00 +4.3238e+00 -4.6631e+00 +4.7512e-01 +3.0737e+00 -2.7154e+00 -4.5891e+00 -4.0063e+00 -1.4634e+00 +1.6225e-01 -4.3702e+00 +2.4337e+00 +1.3224e+00 -2.7624e+00
6 +2.515387935e+05 +2.515387935e+05 +2.521296335e+05 +2.521296335e+05 -3.6851e+00 -1.7689e+00 -2.7892e+00 +1.5287e+00 -2.2269e+00 -1.6594e+00 -1.9188e+00 -1.4626e+00 +3.3607e+00 +3.8424e+00 +2.5732e+00 -4.4909e+00 +3.3138e+00 +4.3026e-01 +4.8747e+00 +3.2823e-01 +2.7453e-01 -8.6662e-01 +4.3057e+00 +4.5005e+00
17 +1.946755547e+05 +1.946755547e+05 +1.952663947e+05 +1.952663947e+05 -4.5833e+00 +4.0702e+00 +2.3474e+00 +5.0533e-02 +2.0898e+00 +1.8059e+00 -8.0184e-04 -2.1692e+00 +3.8985e+00 +4.6968e+00 -3.5630e+00 -1.8287e+00 -4.6975e+00 +4.9284e+00 +1.3043e+00 +4.4572e+00 -3.4694e-02 +3.0991e+00 -5.1457e-01 -4.1057e+00
36 +9.906801862e+04 +9.906801862e+04 +9.965885862e+04 +9.965885862e+04 -4.9278e+00 -1.7152e+00 -8.4461e-01 -1.1670e+00 +4.0682e+00 +3.5430e+00 +1.9361e+00 -2.4594e+00 +4.2559e+00 +4.7306e+00 +1.2129e+00 +1.2818e+00 +2.8240e+00 -5.7009e-01 -2.0493e+00 +2.3788e-04 -2.6545e+00 -1.7610e+00 -2.7258e+00 -6.0504e-01
81 +2.029390686e+04 +2.029390686e+04 +2.088474686e+04 +2.088474686e+04 -3.7644e+00 -2.9125e+00 +2.9971e-01 -3.5526e-01 +3.5260e+00 +1.1383e+00 +9.8165e-01 -9.9551e-01 +1.0516e+00 +4.6992e+00 +9.0081e-01 +6.1024e-02 +1.6611e+00 +2.5555e+00 +1.3615e-01 +1.0453e+00 -1.5381e+00 +2.6138e+00 -1.2404e+00 -2.0044e+00
135 +1.282801464e+04 +1.282801464e+04 +1.341885464e+04 +1.341885464e+04 -4.8556e+00 -2.9125e+00 +2.9971e-01 -3.5526e-01 +3.5260e+00 +1.1383e+00 +9.8165e-01 -9.9551e-01 +1.0516e+00 +4.6992e+00 +9.0081e-01 +6.1024e-02 +1.6611e+00 +2.5555e+00 +1.3615e-01 +1.0453e+00 -1.5381e+00 +2.6138e+00 -1.2404e+00 -2.0044e+00
206 +9.898595112e+03 +9.898595112e+03 +1.048943511e+04 +1.048943511e+04 -4.6811e+00 -2.8718e+00 +1.5075e-01 -4.2567e-01 +3.5254e+00 +1.0884e+00 +1.3688e+00 -1.1192e+00 +1.4560e+00 +4.5774e+00 +6.6124e-01 +1.4464e-01 +1.6745e+00 +2.2805e+00 -1.6755e-02 +9.0798e-01 -1.5360e+00 +2.2647e+00 -1.2407e+00 -2.0527e+00
225 +5.512368951e+03 +5.512368951e+03 +6.103208951e+03 +6.103208951e+03 -4.6765e+00 -2.8706e+00 +2.0640e-01 -4.5270e-01 +3.5483e+00 +1.1698e+00 +1.0561e+00 -1.0964e+00 +1.5183e+00 +4.6162e+00 +6.8041e-01 +9.7359e-02 +1.1093e+00 +2.3543e+00 +4.1272e-02 +5.4493e-01 -1.4075e+00 +1.7962e+00 -1.1319e+00 -2.0671e+00
285 +3.788327640e+03 +3.788327640e+03 +4.379167640e+03 +4.379167640e+03 -4.6243e+00 -2.7402e+00 +2.0322e-01 -4.5185e-01 +3.5473e+00 +1.1485e+00 +1.0549e+00 -1.0999e+00 +1.6330e+00 +4.6145e+00 +6.4435e-01 -5.9262e-02 +1.3823e+00 +2.3539e+00 +3.9710e-02 +6.6594e-01 -1.4246e+00 +1.7984e+00 -1.1457e+00 -2.0353e+00
1931 +1.886897293e+03 +1.886897293e+03 +2.477737293e+03 +2.477737293e+03 -4.7018e+00 -2.8283e+00 +2.0163e-01 -4.5188e-01 +3.6245e+00 +1.1549e+00 +1.2570e+00 -1.1006e+00 +1.6284e+00 +4.6142e+00 +6.4512e-01 -5.2938e-02 +1.3670e+00 +2.3541e+00 -4.1664e-01 +6.5414e-01 -1.4220e+00 +1.6354e+00 -1.0978e+00 -1.6731e+00
3147 +1.547321480e+03 +1.547321480e+03 +2.138161480e+03 +2.138161480e+03 -4.8244e+00 -2.8449e+00 +2.0163e-01 -4.5188e-01 +3.6245e+00 +1.1528e+00 +1.2570e+00 -1.1006e+00 +1.6284e+00 +4.6142e+00 +6.4512e-01 -5.2938e-02 +1.3670e+00 +2.2609e+00 -4.0518e-01 +6.8654e-01 -1.4955e+00 +1.6364e+00 -1.0978e+00 -1.9234e+00
% function evaluation | noise-free fitness - Fopt (4.961500000000e+02) | best noise-free fitness - Fopt | measured fitness | best measured fitness | x1 | x2...
1 +5.186172289e+05 +5.186172289e+05 +5.191133789e+05 +5.191133789e+05 -3.5131e+00 -4.3987e+00 +4.9542e+00 -2.7876e+00 +9.2370e-01 -4.5197e+00 +5.4905e-01 +2.6531e+00 +2.0008e-01 +1.5816e+00 -1.2359e+00 +4.4902e+00 +2.0842e+00 +2.4420e+00 -1.6568e+00 +4.9311e+00 +2.6432e+00 -7.7073e-01 -3.9991e+00 +2.1104e+00
41 +3.072206403e+05 +3.072206403e+05 +3.077167903e+05 +3.077167903e+05 -3.6407e+00 -3.9196e+00 +1.2979e+00 -1.0138e+00 +4.8412e-01 -2.2287e-01 +7.7575e-01 +9.3904e-01 -3.4184e+00 +3.0171e+00 -5.8322e-01 +4.2737e+00 +7.2402e-01 +1.1978e+00 +1.1133e+00 +4.7692e+00 +2.0627e+00 -1.1414e+00 -3.9779e+00 +2.1869e+00
59 +2.225215236e+05 +2.225215236e+05 +2.230176736e+05 +2.230176736e+05 -1.6681e+00 -1.6627e+00 -3.4407e+00 -1.3356e+00 -1.0523e+00 +9.9963e-01 +2.8083e+00 -1.1135e+00 -3.2770e+00 +1.7987e+00 -1.8906e+00 -4.6676e-01 -5.8612e-01 -2.5795e-01 +1.2920e+00 -8.3561e-01 +2.7332e+00 -2.9864e+00 -2.7654e+00 +9.0198e-01
117 +1.439810743e+05 +1.439810743e+05 +1.444772243e+05 +1.444772243e+05 -1.8322e+00 -1.1203e+00 -2.0741e+00 -9.8975e-01 -7.8674e-01 +1.1838e+00 +2.6582e+00 -7.0978e-01 -2.1537e+00 +2.7561e+00 -1.4981e+00 -1.3049e+00 -6.3181e-01 -5.9521e-01 +1.7189e+00 -2.0419e+00 +5.4177e-01 -3.7906e+00 -2.9650e+00 +5.7895e-01
% function evaluation | noise-free fitness - Fopt (-3.482600000000e+02) | best noise-free fitness - Fopt | measured fitness | best measured fitness | x1 | x2...
1 +2.510343177e+06 +2.510343177e+06 +2.509994917e+06 +2.509994917e+06 +1.4936e+00 -4.0955e+00 +5.1063e-01 -2.6477e+00 +2.0832e+00 -3.4006e+00 +1.4434e+00 -2.3824e+00 +8.2098e-01 +1.3700e+00 +3.7359e+00 +3.6557e+00 -2.8386e+00 -5.7031e-01 -3.3369e+00 -2.2750e+00 +4.7425e+00 -4.4729e+00 +2.4032e+00 +4.1753e+00
2 +8.980895547e+05 +8.980895547e+05 +8.977412947e+05 +8.977412947e+05 -3.6193e+00 +4.4346e+00 -1.5986e+00 +1.2183e+00 -3.1333e+00 +5.4047e-01 +2.3350e+00 +2.0748e+00 +2.4940e+00 -2.4911e+00 -1.9263e+00 -4.1649e+00 -4.5561e+00 -3.1806e+00 +3.9694e+00 +8.4105e-01 -3.8282e+00 -4.5723e+00 +2.0897e-01 +2.6090e+00
3 +6.079409501e+05 +6.079409501e+05 +6.075926901e+05 +6.075926901e+05 -4.5560e+00 +2.0737e+00 +1.7177e+00 -2.4362e+00 +3.6789e+00 +3.1885e+00 +7.9919e-01 -3.8461e+00 +2.8169e+00 +3.3755e-01 -8.0382e-01 -1.4631e+00 +3.0807e+00 -5.3737e-01 +3.3163e+00 +3.8359e+00 +1.5038e+00 +1.7085e+00 +5.2752e-02 +4.5143e+00
43 +2.791519964e+05 +2.791519964e+05 +2.788037364e+05 +2.788037364e+05 -3.9372e+00 +2.6192e+00 +2.0038e+00 +2.9417e+00 -1.4794e-01 +1.6050e+00 -4.6064e-01 +2.0938e+00 +2.7581e+00 +2.9758e-03 +1.2079e+00 -4.6652e+00 +3.2224e+00 -5.9646e-01 +3.3855e+00 -1.5045e+00 -7.9564e-01 +1.2063e+00 -2.5163e+00 +4.1886e+00
82 +1.942307477e+05 +1.942307477e+05 +1.938824877e+05 +1.938824877e+05 -3.5926e+00 +3.0636e+00 +1.9522e+00 +2.2235e+00 -1.3525e+00 -2.1170e-01 -2.3303e-01 +2.0974e+00 +2.2729e+00 -1.5393e+00 -1.4901e+00 -4.4887e+00 +2.1590e+00 -2.9355e+00 +3.7851e+00 -1.1167e+00 -2.2236e+00 -1.8279e+00 -2.4981e+00 +1.7767e+00
157 +1.349811982e+05 +1.349811982e+05 +1.346329382e+05 +1.346329382e+05 -3.5775e+00 +2.6106e+00 +1.9984e+00 +2.7708e+00 -3.1600e-01 +1.6022e+00 -7.3722e-01 +1.9539e+00 +1.9938e+00 +3.0892e-01 -1.9869e+00 -3.9137e+00 +3.0628e+00 -6.0110e-01 +3.3843e+00 -2.1720e+00 -1.4569e+00 -2.1742e+00 -2.2990e+00 +2.6375e+00
167 +9.720291891e+04 +9.720291891e+04 +9.685465891e+04 +9.685465891e+04 -3.3396e+00 +2.6353e+00 +1.9461e+00 +2.7925e+00 -3.5484e-01 +1.1864e+00 -7.1569e-01 +1.3422e+00 +2.3799e+00 +1.0545e-02 -1.6696e+00 -4.0655e+00 +2.8539e+00 -6.0261e-01 +3.3635e+00 -2.0311e+00 -8.6954e-01 -1.8891e+00 -2.3793e+00 +3.6490e+00
% function evaluation | noise-free fitness - Fopt (-9.818300000000e+02) | best noise-free fitness - Fopt | measured fitness | best measured fitness | x1 | x2...
1 +5.769415728e+05 +5.769415728e+05 +5.759597428e+05 +5.759597428e+05 +1.5949e+00 +1.9011e+00 +2.1900e+00 +5.7521e-01 +1.4339e-01 -1.2390e+00 +9.4499e-01 +7.1776e-01 -3.1568e+00 +8.1192e-01 -3.1805e+00 +4.5385e-01 -3.5519e+00 -4.2227e+00 +3.3944e+00 +4.5979e+00 -3.2097e+00 -3.6623e+00 +3.6559e+00 +3.7886e+00
4 +1.078328713e+05 +1.078328713e+05 +1.068510413e+05 +1.068510413e+05 -1.4133e+00 -4.4409e+00 +3.9243e+00 +1.6180e+00 +4.1220e+00 +1.9948e+00 -4.6120e+00 -4.2216e+00 -3.1800e+00 -1.3605e+00 -2.2012e+00 -3.3269e+00 -2.9680e+00 +1.4282e+00 +5.6148e-01 -2.5823e+00 -2.5098e+00 -2.3040e+00 -3.2469e+00 -4.3799e+00
49 +7.125843530e+04 +7.125843530e+04 +7.027660530e+04 +7.027660530e+04 -1.0446e-02 +4.3053e+00 +3.2180e+00 -3.2031e+00 +3.9008e+00 -1.5857e+00 -2.1891e+00 -3.3813e+00 -2.2787e+00 +2.4304e+00 +3.4690e+00 -2.7337e+00 +1.8081e+00 +1.6246e+00 +8.0515e-01 -3.3706e+00 -1.5611e+00 -2.7453e+00 -2.3060e+00 -4.5665e+00
54 +3.388466348e+04 +3.388466348e+04 +3.290283348e+04 +3.290283348e+04 -1.3939e+00 +3.7641e+00 +2.9559e+00 -3.2156e-01 +3.0834e+00 +2.1136e+00 -1.7655e+00 -3.0547e+00 +3.8829e-01 -2.0986e+00 -8.1378e-01 -4.3454e+00 +1.1462e+00 -2.1518e+00 +1.1131e+00 +1.7631e+00 -1.6441e+00 -1.1233e+00 -1.2218e+00 -2.7944e+00
75 +2.220223968e+03 +2.220223968e+03 +1.238393968e+03 +1.238393968e+03 -9.8030e-01 -1.4190e+00 +3.4383e+00 +7.7493e-01 +2.0442e+00 +2.3171e+00 -4.3384e+00 -1.4783e+00 -2.5820e+00 -1.2295e+00 -1.9385e+00 -1.8996e+00 -1.9440e+00 -7.1478e-01 +1.3733e+00 -1.4899e+00 -2.5011e+00 +1.1167e+00 -2.8095e+00 -4.0100e+00
96 +3.404642220e+02 +3.404642220e+02 -6.413657780e+02 -6.413657780e+02 -9.8030e-01 -1.4190e+00 +3.4383e+00 +7.7493e-01 +3.8793e+00 +2.3171e+00 -4.3384e+00 -1.4783e+00 -2.5820e+00 -1.2295e+00 -1.9385e+00 -1.8996e+00 -1.9440e+00 -7.1478e-01 +1.3733e+00 -1.4899e+00 -2.5011e+00 +1.1167e+00 -2.8095e+00 -4.0100e+00
% function evaluation | noise-free fitness - Fopt (4.738100000000e+02) | best noise-free fitness - Fopt | measured fitness | best measured fitness | x1 | x2...
1 +2.176749759e+06 +2.176749759e+06 +2.177223569e+06 +2.177223569e+06 -3.5162e-02 -4.4988e+00 +3.1815e+00 -1.3952e+00 -2.5356e-01 +4.1733e+00 -2.6362e+00 -2.7104e+00 -4.1134e+00 -1.6340e+00 -4.1531e+00 -2.2348e+00 -5.8342e-01 -3.4803e+00 -1.9324e+00 +1.7141e+00 -4.8803e+00 -5.0190e-01 +1.2668e+00 -3.6827e+00
3 +1.575791394e+06 +1.575791394e+06 +1.576265204e+06 +1.576265204e+06 -2.7227e+00 -1.1482e+00 +1.1836e-01 -3.3955e+00 -1.9333e+00 +3.7987e+00 +2.0021e+00 -4.6578e+00 -3.0562e+00 -4.5701e+00 +4.8669e+00 -2.8759e+00 +8.0355e-01 -4.9764e+00 -6.2073e-01 -8.5095e-01 -4.3621e-02 +3.5293e+00 +2.5200e+00 +2.0346e-01
6 +5.734580826e+05 +5.734580826e+05 +5.739318926e+05 +5.739318926e+05 -3.1886e-01 -1.5890e+00 -2.6267e+00 +4.2823e+00 -9.9232e-01 -2.6699e+00 +3.3781e+00 +2.2567e+00 +3.3347e+00 +1.3337e-01 -2.1725e+00 +6.1371e-01 -4.8410e+00 -3.9148e+00 +3.5877e+00 -4.8860e+00 -1.9426e+00 +1.9666e+00 -4.5621e+00 -8.7837e-01
32 +3.609991178e+05 +3.609991178e+05 +3.614729278e+05 +3.614729278e+05 -2.6143e+00 -1.7711e+00 +2.7784e+00 +1.6778e+00 -2.8099e+00 -4.5772e+00 +3.8677e+00 +2.6398e+00 +4.7839e+00 -3.0556e+00 +3.2930e+00 -2.7275e+00 -1.2209e+00 -1.4723e+00 +4.1735e+00 +2.7467e+00 -1.7634e+00 +8.4110e-01 -1.0814e+00 -3.2504e+00
66 +2.451481147e+05 +2.451481147e+05 +2.456219247e+05 +2.456219247e+05 -2.7607e+00 -8.6557e-01 +2.3558e+00 -1.6123e+00 -2.9809e+00 +1.9056e-01 +2.6512e+00 +2.4251e+00 +1.7280e+00 -6.8646e-01 +3.7507e+00 -2.8320e+00 +3.5422e+00 +6.5751e-01 +3.2055e+00 +2.4167e+00 +3.2809e+00 +1.0258e+00 -9.0024e-01 -6.6853e-01
121 +1.509507774e+05 +1.509507774e+05 +1.514245874e+05 +1.514245874e+05 -2.4986e+00 -6.9736e-01 +2.4543e+00 -1.9671e+00 -2.6832e+00 +1.6723e-01 +2.8950e+00 +2.0260e+00 +1.7923e+00 -8.6843e-01 +5.8446e-01 -2.4317e+00 +1.8017e+00 +1.3653e+00 +4.0814e+00 -1.3365e+00 +2.8922e+00 -6.7293e-01 -1.4282e+00 -3.0380e+00
219 +8.194240548e+04 +8.194240548e+04 +8.241621548e+04 +8.241621548e+04 -2.5604e+00 -8.2391e-01 +2.2193e+00 +8.5811e-01 -2.8598e+00 +7.0672e-01 +2.6827e+00 +2.1645e+00 +1.8906e+00 -8.9915e-01 +2.6742e+00 -2.5649e+00 +2.1244e+00 +1.0712e+00 +3.5635e+00 -1.0173e+00 +2.4834e+00 +5.1426e-01 -1.3012e+00 -2.3681e+00
% function evaluation | noise-free fitness - Fopt (9.950000000000e+00) | best noise-free fitness - Fopt | measured fitness | best measured fitness | x1 | x2...
1 +9.126412403e+05 +9.126412403e+05 +9.126511903e+05 +9.126511903e+05 -4.4757e+00 +1.0044e+00 -2.2466e+00 -2.9745e+00 +2.1917e+00 +2.8240e+00 -1.4639e+00 +1.6896e+00 -1.7541e+00 -4.6182e+00 +3.5996e+00 -1.3381e+00 +1.9865e+00 -2.7658e+00 -2.8934e+00 -1.8566e+00 -4.5335e+00 +4.2056e+00 +3.8593e+00 +1.1860e+00
3 +4.059071031e+05 +4.059071031e+05 +4.059170531e+05 +4.059170531e+05 +2.5326e-02 +8.6408e-01 -2.6601e+00 +4.2858e+00 +1.1101e+00 +6.7734e-01 +3.9327e+00 +2.7497e+00 -4.5202e+00 +4.6922e-02 +4.0359e+00 +4.8240e+00 -2.7140e+00 -3.8204e+00 +1.9268e+00 +2.8966e+00 +3.4431e+00 +1.5078e+00 -2.4082e+00 +3.7597e+00
5 +3.650242957e+05 +3.650242957e+05 +3.650342457e+05 +3.650342457e+05 +4.9169e+00 +3.1965e+00 -9.8726e-01 +2.2013e+00 -2.1121e+00 +1.2894e+00 +2.0787e+00 +6.7997e-01 +4.7084e+00 -3.9228e+00 -1.7504e-01 +1.4294e+00 +1.0033e+00 +1.4990e+00 -2.2594e+00 +1.2035e+00 +5.0231e-01 -2.3224e+00 +6.5107e-01 +2.7172e+00
53 +2.005949778e+05 +2.005949778e+05 +2.006049278e+05 +2.006049278e+05 +2.3190e-01 +4.0598e+00 -1.4379e+00 -2.9257e+00 -3.3154e+00 -2.7260e+00 +8.7412e-01 +3.7183e-01 -2.3148e+00 +2.3506e+00 +1.6834e-02 +2.8870e+00 +2.6220e-01 -2.3250e+00 -2.3796e+00 -2.0923e+00 -1.2296e+00 +5.6511e-01 -7.8918e-01 -2.2878e+00
87 +1.387737714e+05 +1.387737714e+05 +1.387837214e+05 +1.387837214e+05 +1.8057e-01 +3.1018e+00 +2.4497e+00 -2.5885e+00 -5.5851e-01 -2.2019e-01 +1.0635e+00 +5.8108e-01 +9.9567e-01 +1.5695e+00 -3.3040e+00 +3.4665e+00 +3.4081e+00 -2.1754e+00 -3.9064e+00 -2.1600e+00 +7.3183e-01 +1.9166e+00 -1.5813e+00 -2.6083e+00
163 +9.442444851e+04 +9.442444851e+04 +9.443439851e+04 +9.443439851e+04 -1.3995e-01 +3.7208e+00 +1.9320e+00 -2.8030e+00 +2.4616e-01 -3.0103e-01 +5.1542e-01 +9.1176e-01 +6.9942e-01 +1.2548e+00 -2.3583e+00 +3.2347e+00 +2.3991e+00 -9.3930e-01 -3.6209e+00 -1.4136e+00 +8.6895e-01 +3.0137e+00 -1.6835e+00 -2.1993e+00
321 +6.305461346e+04 +6.305461346e+04 +6.306456346e+04 +6.306456346e+04 -1.3995e-01 +3.7208e+00 +1.9320e+00 -2.8030e+00 +2.4616e-01 -3.0103e-01 +2.5824e-01 +9.1176e-01 +6.9942e-01 +1.2548e+00 -1.4617e+00 +3.2347e+00 +2.3991e+00 -9.3930e-01 -3.7845e+00 -1.4136e+00 +4.2578e-01 +3.0137e+00 -2.3655e+00 -2.1993e+00
1367 +3.966365899e+04 +3.966365899e+04 +3.967360899e+04 +3.967360899e+04 -1.4023e-01 +3.7208e+00 +6.9016e-01 -2.8033e+00 +2.4615e-01 -2.9333e-01 +2.5840e-01 +9.1166e-01 +6.9942e-01 +1.1895e+00 -1.4089e+00 +3.2347e+00 +3.4131e+00 -9.4000e-01 -3.7541e+00 -1.4139e+00 +4.3815e-01 +3.0045e+00 -2.6009e+00 -2.1995e+00
% function evaluation | noise-free fitness - Fopt (-2.430000000000e+01) | best noise-free fitness - Fopt | measured fitness | best measured fitness | x1 | x2...
1 +1.661565907e+06 +1.661565907e+06 +1.661541607e+06 +1.661541607e+06 +4.8404e+00 -1.8984e+00 +3.7970e+00 -4.9406e+00 -3.4801e+00 +1.3023e+00 -4.5416e+00 -3.5317e+00 +2.8121e+00 +4.3555e+00 +3.0859e+00 -2.7535e+00 -4.7578e+00 -3.6445e+00 -1.5670e+00 -3.3235e+00 +2.0722e+00 -2.6411e+00 +1.5200e+00 -3.3475e+00
2 +5.525939343e+05 +5.525939343e+05 +5.525696343e+05 +5.525696343e+05 -3.3000e-01 -4.0485e+00 -2.8936e+00 +2.2672e+00 +5.9002e-01 -8.0861e-01 -3.1743e+00 +6.1629e-01 -3.7048e+00 -4.5436e+00 -4.0703e+00 +3.6424e+00 -9.9842e-01 +3.8791e+00 -4.0874e+00 -1.9425e+00 +2.5125e+00 -1.0725e+00 -7.4675e-01 +3.5535e+00
9 +1.454427882e+05 +1.454427882e+05 +1.454184882e+05 +1.454184882e+05 +7.8856e-01 +8.8388e-01 -4.5286e+00 +7.6242e-01 -1.9426e+00 +1.1261e+00 -2.3649e+00 +2.3550e+00 +1.6808e+00 -2.8833e+00 +3.0216e+00 +2.5361e+00 -1.5125e+00 -4.3935e+00 -3.5200e+00 -4.0450e+00 -4.7213e+00 -3.2635e-01 -4.8613e-01 +1.7729e-01
53 +6.595872335e+04 +6.595872335e+04 +6.593442335e+04 +6.593442335e+04 +2.1665e-01 +1.0163e+00 +4.4040e-01 +2.6896e+00 -2.6963e+00 -2.6160e-04 -4.2646e+00 +2.5064e+00 -6.7717e-01 -2.4827e+00 +4.5913e+00 +2.0510e+00 -6.4517e-01 -1.9024e-03 +6.9608e-01 -3.0036e+00 -2.9085e+00 +2.0651e+00 +5.1023e-01 +3.4828e-01
122 +5.994660529e+04 +5.994660529e+04 +5.992230529e+04 +5.992230529e+04 +2.4303e-01 +7.0241e-01 -2.8198e-01 -4.9918e-01 -2.9144e+00 -4.5742e-02 -3.5574e+00 +9.6944e-01 -9.4005e-02 -2.6983e+00 +3.1060e+00 +2.2825e+00 +4.0454e-02 -2.9044e+00 -3.3085e-01 -3.0521e+00 -3.1306e+00 +1.5131e+00 +2.9535e-01 +4.1568e-01
146 +3.558866546e+04 +3.558866546e+04 +3.556436546e+04 +3.556436546e+04 +1.8613e-01 +1.2287e+00 +2.4787e-01 +5.7203e-01 -2.8349e+00 -3.5138e-02 -3.5924e+00 +2.1400e+00 -5.5129e-01 -2.5371e+00 +4.4285e+00 +2.0984e+00 -1.3235e-01 -4.1407e-01 +6.9380e-01 -3.0044e+00 -3.0055e+00 +1.6230e+00 +1.5957e-01 +3.2346e-01
149 +2.480308647e+04 +2.480308647e+04 +2.477878647e+04 +2.477878647e+04 -1.3954e-01 +1.2373e+00 -1.2679e-01 -6.6451e-01 -2.4011e+00 +2.1701e-01 -3.5092e+00 +1.0646e+00 -2.0614e-01 -2.5569e+00 +2.4913e+00 +2.8393e+00 +7.0893e-02 -9.9720e-01 -8.6076e-01 -2.9495e+00 -2.6879e+00 +1.5529e+00 -1.1435e-01 +2.9444e-01
404 +1.396304235e+04 +1.396304235e+04 +1.393874235e+04 +1.393874235e+04 -1.3167e-01 +1.2345e+00 -1.1167e+00 -7.7321e-01 -2.4012e+00 +2.1289e-01 -2.9550e+00 +1.7820e+00 -2.0670e-01 -2.5568e+00 +2.4929e+00 +2.8393e+00 +6.9977e-02 -1.0620e+00 -5.2648e-01 -2.9497e+00 -2.6893e+00 +1.5550e+00 -1.1437e-01 +2.9446e-01
% function evaluation | noise-free fitness - Fopt (1.000000000000e+03) | best noise-free fitness - Fopt | measured fitness | best measured fitness | x1 | x2...
1 +1.157845218e+06 +1.157845218e+06 +1.158845218e+06 +1.158845218e+06 +3.5236e+00 +8.3583e-01 +4.2621e-01 -7.7179e-01 -6.2842e-01 -9.8912e-02 -1.4841e+00 -3.3450e+00 -4.7950e+00 +3.0364e+00 -3.1766e+00 -3.4557e+00 -2.9389e+00 -3.4937e+00 +4.9883e+00 -4.5688e-01 +2.5212e+00 +3.7586e+00 -6.5635e-01 +8.0431e-02
2 +6.616506607e+05 +6.616506607e+05 +6.626506607e+05 +6.626506607e+05 +6.5564e-01 -4.3178e+00 +1.1870e-01 -4.5442e+00 -7.5085e-02 +2.6146e+00 +2.4915e+00 -1.6662e+00 +3.7594e+00 -2.9872e+00 -3.7662e+00 +1.5910e+00 -1.8456e+00 -3.1182e+00 -7.5058e-01 -1.3607e+00 -3.3412e+00 +5.6847e-01 +4.4461e+00 -3.9925e+00
7 +3.707179389e+05 +3.707179389e+05 +3.717179389e+05 +3.717179389e+05 -2.3227e+00 -4.4701e+00 +5.8228e-02 -3.8930e+00 +5.5925e-01 -3.6303e+00 -3.0970e-01 -4.2654e+00 +1.2581e+00 +2.8161e+00 +1.0563e+00 -2.9629e+00 -1.4301e+00 +4.3861e+00 -4.8803e-01 -2.1496e+00 -1.3446e+00 +1.7608e+00 -2.5523e+00 -1.4312e+00
57 +2.119426341e+05 +2.119426341e+05 +2.129426341e+05 +2.129426341e+05 -2.6827e+00 +4.4129e-01 -1.5625e+00 -1.0111e+00 -2.7758e+00 -1.0032e+00 +2.9878e+00 -2.1764e+00 +3.1874e+00 -2.1754e+00 +3.7419e+00 +3.4871e+00 +1.5038e+00 -2.2656e+00 +3.8526e+00 +3.1724e+00 +1.2895e+00 +1.0266e+00 +4.8069e-01 +7.1080e-01
75 +1.584583295e+05 +1.584583295e+05 +1.594583295e+05 +1.594583295e+05 -1.1353e+00 -3.2680e+00 +6.2338e-01 +1.4448e+00 -3.5260e+00 +1.5297e+00 +2.2743e-02 -2.5258e+00 +4.1702e+00 +3.3900e-01 +4.3481e-01 +3.4474e+00 +1.3350e+00 -1.6113e+00 -9.3099e-01 -1.1871e+00 -1.6558e+00 -1.0510e+00 -1.4204e-01 -1.0349e+00
97 +9.306551366e+04 +9.306551366e+04 +9.406551366e+04 +9.406551366e+04 -1.1353e+00 -3.2680e+00 +6.2338e-01 +1.4448e+00 -3.5260e+00 +1.5297e+00 +2.2743e-02 -2.5258e+00 +4.1702e+00 +3.3900e-01 +4.3481e-01 +3.4474e+00 +1.3350e+00 -1.6113e+00 -9.3099e-01 -1.1871e+00 -1.6558e+00 +2.0960e+00 -1.4204e-01 -1.0349e+00
206 +5.767883716e+04 +5.767883716e+04 +5.867883716e+04 +5.867883716e+04 -9.6270e-01 -2.4922e+00 +4.3689e-01 +1.4052e+00 -3.5312e+00 +2.9413e+00 +1.0060e-01 -2.8316e+00 +4.1554e+00 +2.4797e-01 +6.9902e-01 +3.4430e+00 +8.9606e-01 -7.1562e-01 -8.6341e-01 -1.0552e+00 -1.5104e+00 +1.6910e+00 +5.1933e-02 -6.2314e-01
% function evaluation | noise-free fitness - Fopt (1.039900000000e+02) | best noise-free fitness - Fopt | measured fitness | best measured fitness | x1 | x2...
1 +1.383590965e+06 +1.383590965e+06 +1.383694955e+06 +1.383694955e+06 +4.7964e+00 +2.9770e+00 +6.0130e-01 -6.5953e-01 +2.8950e+00 +4.2829e+00 -4.7057e+00 +3.2164e+00 -3.7759e+00 -3.3515e-01 +4.0403e+00 -4.0999e-01 +1.2002e+00 +1.8394e+00 +1.2501e+00 -3.7286e+00 +3.6179e+00 +4.3463e+00 -4.4046e+00 -2.7272e+00
2 +5.660491678e+05 +5.660491678e+05 +5.661531578e+05 +5.661531578e+05 +2.7941e+00 -5.0781e-01 -1.9717e+00 -2.6020e+00 +4.1170e-02 -5.0917e-01 -3.2531e-01 +3.8019e+00 +3.7490e+00 -1.6424e-01 +3.0689e+00 -6.6871e-01 +3.4880e+00 +4.6783e+00 -4.8207e+00 -3.1951e+00 +3.7245e-01 +1.2080e+00 +2.1030e+00 -3.0650e+00
6 +2.754802381e+05 +2.754802381e+05 +2.755842281e+05 +2.755842281e+05 +4.3522e+00 -1.2879e+00 -3.4683e+00 -1.4920e+00 -2.9323e+00 -3.6447e+00 +4.9064e+00 -3.9845e+00 +3.0612e+00 -4.0621e+00 -3.8079e+00 +4.2961e+00 +2.9394e+00 -3.7561e+00 +3.8519e+00 +4.9568e-01 -7.7534e-02 +2.9786e-01 -4.0667e+00 +1.0659e+00
25 +2.010178346e+05 +2.010178346e+05 +2.011218246e+05 +2.011218246e+05 +2.7270e+00 +1.4346e+00 -2.8651e+00 +3.7318e+00 +9.0601e-01 +4.8751e+00 +3.7849e+00 -1.8547e+00 +2.8787e+00 -2.4868e+00 -2.4784e+00 +3.2358e+00 -2.2746e+00 +1.8292e+00 -4.3268e+00 -6.4063e-01 +1.5858e+00 -1.4124e+00 -4.3501e+00 -2.2116e+00
46 +6.772471501e+04 +6.772471501e+04 +6.782870501e+04 +6.782870501e+04 +4.1445e+00 -6.4548e-01 -3.2453e+00 -4.4710e-01 -2.3691e+00 +5.6306e-01 +4.8221e+00 -2.6695e+00 +3.0380e+00 -2.7205e+00 -3.6502e+00 +3.2401e+00 +6.4182e-01 -2.6134e+00 -3.3746e+00 -5.4401e-01 +6.2624e-01 -6.7029e-01 -4.3427e+00 -1.2157e+00
108 +4.272899402e+04 +4.272899402e+04 +4.283298402e+04 +4.283298402e+04 +1.5138e+00 -1.8975e-03 -2.0863e+00 +6.3991e-01 -5.0196e-01 +1.3142e+00 +3.7017e+00 -1.5557e+00 +2.9126e+00 -2.8772e+00 -3.6090e+00 +3.9228e+00 +2.1475e-01 -6.2559e-01 -9.5273e-01 -5.7928e-01 +7.8466e-01 -3.3883e-01 -3.8260e+00 -1.7842e+00
111 +3.567081411e+04 +3.567081411e+04 +3.577480411e+04 +3.577480411e+04 +3.1737e+00 -1.6589e-01 -3.0562e+00 +1.1203e-02 -9.6542e-01 +6.6617e-01 +2.4236e+00 -2.5768e+00 +2.8780e+00 -2.8569e+00 -2.6675e+00 +2.7091e+00 +4.3545e-01 -1.7416e+00 -2.9264e+00 -1.1660e+00 +1.2854e+00 -1.0585e+00 -4.4071e+00 -1.9085e+00
192 +2.304604698e+04 +2.304604698e+04 +2.315003698e+04 +2.315003698e+04 +3.2921e+00 -1.4942e-01 -3.0462e+00 -2.9437e-01 -6.3816e-01 +8.5161e-01 +2.9579e+00 -2.5698e+00 +2.8185e+00 -2.7663e+00 -3.4757e+00 +2.8010e+00 +4.5768e-01 -1.8011e+00 -2.7580e+00 -1.1614e+00 +1.0315e+00 -8.5576e-01 -4.2399e+00 -2.4409e+00
216 +1.399037596e+04 +1.399037596e+04 +1.409436596e+04 +1.409436596e+04 +2.5193e+00 -9.7243e-02 -2.9228e+00 +3.1205e-02 -6.9219e-01 +1.7285e+00 +3.2842e+00 -2.4560e+00 +2.7964e+00 -2.7011e+00 -3.1674e+00 +2.8023e+00 +3.5825e-01 -1.7238e+00 -2.7136e+00 -2.3089e+00 +6.2612e-01 -1.6544e+00 -4.0089e+00 -2.2968e+00
496 +9.632606398e+03 +9.632606398e+03 +9.736596398e+03 +9.736596398e+03 +2.5793e+00 -1.4638e-01 -2.9559e+00 -2.4723e-01 -6.8685e-01 +1.3817e+00 +3.1954e+00 -2.4852e+00 +2.8021e+00 -2.6070e+00 -3.4271e+00 +2.7275e+00 +4.4915e-01 -1.7820e+00 -2.7296e+00 -2.0296e+00 +8.9339e-01 -1.5353e+00 -4.2028e+00 -2.3477e+00
% function evaluation | noise-free fitness - Fopt (-8.405400000000e+02) | best noise-free fitness - Fopt | measured fitness | best measured fitness | x1 | x2...
1 +8.725648845e+05 +8.725648845e+05 +8.717243445e+05 +8.717243445e+05 -4.3320e+00 +9.1606e-01 +2.6749e-01 -1.2726e+00 -4.6209e+00 +4.8021e+00 +1.4909e+00 +4.6135e-01 +4.7370e+00 +3.9614e+00 -4.0291e+00 -6.8249e-01 -1.3084e+00 +3.2892e+00 +1.3881e+00 +1.8398e+00 -1.4399e+00 +3.7855e+00 +4.0986e+00 -4.4999e+00
3 +5.748941383e+05 +5.748941383e+05 +5.740535983e+05 +5.740535983e+05 +3.0983e+00 -1.4871e-01 -1.0242e-01 -9.9460e-01 -3.5672e+00 -2.9475e+00 -2.0271e+00 -3.8562e-01 -3.0896e+00 +3.5732e+00 +1.9518e+00 -3.7208e+00 -4.7449e+00 -4.4055e-01 +1.0600e-01 -1.4902e+00 -1.2961e+00 +6.2945e-01 -6.5706e-02 -5.7420e-01
20 +3.119493746e+05 +3.119493746e+05 +3.111088346e+05 +3.111088346e+05 -3.0516e+00 -2.5336e+00 +6.6180e-01 -3.6620e+00 -4.9927e+00 -4.0210e-01 -1.4723e+00 -9.7570e-01 -2.0368e+00 +3.7755e+00 -2.3589e-01 -4.1434e+00 -3.7912e+00 -2.0652e+00 +2.4015e+00 -2.6804e+00 -4.3595e-01 -1.8875e+00 +4.6374e+00 -4.0549e+00
45 +1.378532739e+05 +1.378532739e+05 +1.370127339e+05 +1.370127339e+05 -3.6289e+00 -1.9639e+00 +5.0350e-01 -3.0153e+00 -4.3679e+00 +5.1532e-01 -7.0579e-01 -1.8882e+00 -3.4644e+00 +8.2442e-01 +8.9662e-01 -6.9400e-01 -3.6470e+00 -1.3258e+00 +1.0400e+00 +1.5523e+00 +1.7702e+00 -2.3305e+00 +3.5901e+00 -2.3580e+00
193 +9.141614432e+04 +9.141614432e+04 +9.057560432e+04 +9.057560432e+04 -2.4917e+00 -2.0238e+00 +6.3017e-02 -2.0718e+00 -4.3343e+00 +9.8137e-01 -1.0695e+00 -1.8132e+00 -2.2968e+00 +1.6477e+00 +8.4111e-01 -7.1182e-01 -3.5866e+00 -1.6446e+00 +1.3648e+00 +6.7577e-01 +1.8090e+00 -5.6296e-01 +4.5000e+00 -2.3151e+00
% function evaluation | noise-free fitness - Fopt (-6.887000000000e+01) | best noise-free fitness - Fopt | measured fitness | best measured fitness | x1 | x2...
1 +1.071508047e+06 +1.071508047e+06 +1.071439177e+06 +1.071439177e+06 -4.9734e+00 +3.2509e+00 -1.1691e+00 -3.5366e+00 +1.7408e+00 +1.7425e+00 +9.8625e-01 -2.0458e+00 -4.6172e+00 -2.6516e+00 +2.9971e+00 -4.9693e+00 -8.0149e-01 +5.5994e-01 +4.8457e+00 -1.4247e+00 +3.4948e-01 -3.1806e+00 +4.4235e+00 -1.3975e+00
2 +4.930117100e+05 +4.930117100e+05 +4.929428400e+05 +4.929428400e+05 +3.5715e+00 +4.3126e+00 +6.9341e-01 -4.6044e+00 +3.4277e+00 +1.1951e+00 +3.2615e+00 +1.2611e+00 -2.9335e+00 +3.6456e+00 -2.8508e+00 -3.7186e+00 -5.3510e-01 +2.6403e+00 +4.9204e+00 +4.4476e+00 -3.1314e+00 -2.7266e+00 -2.5889e+00 +4.8849e+00
7 +3.730450857e+05 +3.730450857e+05 +3.729762157e+05 +3.729762157e+05 -4.6714e-03 -2.5589e-01 -8.0561e-01 -4.0067e+00 +8.3605e-01 -2.5013e+00 +1.6566e+00 -6.0431e-01 -1.2028e+00 +4.4117e+00 -5.7129e-01 -1.9391e+00 +4.7518e+00 -2.9502e+00 +4.9656e+00 +2.4281e+00 +1.4619e+00 -2.2678e+00 -3.1702e+00 +3.9918e+00
42 +1.689561876e+05 +1.689561876e+05 +1.688873176e+05 +1.688873176e+05 +4.1253e+00 -1.4238e+00 +1.8365e+00 -4.5663e+00 +3.3447e+00 -1.5669e+00 +4.0249e+00 -1.1344e+00 -1.2205e+00 -1.7578e+00 -2.6372e+00 -1.7881e+00 -2.8201e-01 -4.4302e-01 +4.7453e+00 +1.9887e+00 -3.9856e+00 +7.8851e-01 -9.5231e-01 +4.6739e+00
59 +1.471009516e+05 +1.471009516e+05 +1.470320816e+05 +1.470320816e+05 +1.2166e+00 -3.7160e+00 -2.8904e+00 -2.7154e+00 +1.7181e+00 -2.0871e+00 -3.2326e+00 -2.3596e+00 -2.6681e+00 +1.2892e-01 -2.0586e+00 +1.6766e-01 +2.0444e+00 -3.9399e+00 +4.1830e+00 -1.0392e+00 -4.6852e+00 +6.2027e-01 +1.5697e+00 +3.9719e+00
93 +6.466817737e+04 +6.466817737e+04 +6.459930737e+04 +6.459930737e+04 -1.3453e+00 -3.7097e+00 -1.3591e+00 -2.8586e+00 +1.7706e+00 -2.3595e+00 +1.3824e+00 +7.8897e-01 -2.0054e+00 +1.9982e-02 -2.1621e+00 +5.2542e-01 +1.8542e+00 -3.3493e+00 +3.4374e+00 -4.0831e-01 -4.6664e+00 +1.5868e+00 +2.2972e+00 +3.9267e+00
135 +6.271265979e+04 +6.271265979e+04 +6.264378979e+04 +6.264378979e+04 +2.4736e+00 -3.7041e+00 -6.8554e-01 -2.8269e+00 +1.7173e+00 -1.9752e+00 -1.5009e+00 -2.1989e+00 -1.9167e+00 -1.1560e+00 -2.8143e+00 +2.6664e-02 -4.0656e-01 -3.9135e+00 +3.5711e+00 -4.0290e-01 -3.7782e+00 +3.1366e+00 +1.2227e+00 +2.8223e+00
204 +3.441308883e+04 +3.441308883e+04 +3.434421883e+04 +3.434421883e+04 +7.3982e-01 -3.7041e+00 -6.8988e-01 -2.8207e+00 +1.5469e+00 -2.0789e+00 -1.4788e+00 -2.2340e+00 -2.1381e+00 -9.7750e-01 -2.1066e+00 +3.9817e-01 -3.8377e-01 -3.8801e+00 +3.5027e+00 -4.5392e-01 -3.7443e+00 +3.1307e+00 +1.2248e+00 +2.8302e+00
