% function evaluation | noise-free fitness - Fopt (-4.620900000000e+02) | best noise-free fitness - Fopt | measured fitness | best measured fitness | x1 | x2...
1 +3.716665784e+01 +3.716665784e+01 -4.249233422e+02 -4.249233422e+02 -3.7669e+00 +1.2976e+00
14 +2.295502525e+01 +2.295502525e+01 -4.391349747e+02 -4.391349747e+02 -2.9928e+00 +1.6328e+00
79 +1.497544400e+01 +1.497544400e+01 -4.471145560e+02 -4.471145560e+02 +6.0866e-01 +2.0331e+00
89 +5.680361475e+00 +5.680361475e+00 -4.564096385e+02 -4.564096385e+02 -2.3464e+00 +2.5927e+00
2112 +9.962678787e-01 +9.962678787e-01 -4.610937321e+02 -4.610937321e+02 -2.3382e+00 +1.9901e+00
4802 +4.969209350e-01 +4.969209350e-01 -4.615930791e+02 -4.615930791e+02 -2.3353e+00 +2.2845e+00
5759 +8.242797988e-02 +8.242797988e-02 -4.620075720e+02 -4.620075720e+02 -2.3613e+00 +2.3000e+00
8564 +1.008264475e-02 +1.008264475e-02 -4.620799174e+02 -4.620799174e+02 -2.3485e+00 +2.3000e+00
8802 +2.584081006e-03 +2.584081006e-03 -4.620874159e+02 -4.620874159e+02 -2.3442e+00 +2.3000e+00
10877 +5.798887950e-04 +5.798887950e-04 -4.620894201e+02 -4.620894201e+02 -2.3425e+00 +2.3000e+00
% function evaluation | noise-free fitness - Fopt (7.766000000000e+01) | best noise-free fitness - Fopt | measured fitness | best measured fitness | x1 | x2...
1 +9.607264476e+01 +9.607264476e+01 +1.737326448e+02 +1.737326448e+02 -3.0307e+00 -2.9740e+00
5 +5.895215844e+01 +5.895215844e+01 +1.366121584e+02 +1.366121584e+02 +3.5813e+00 +7.9830e-01
10 +1.772340312e+01 +1.772340312e+01 +9.538340312e+01 +9.538340312e+01 -7.8954e-01 -1.5231e+00
19 +7.509665820e+00 +7.509665820e+00 +8.516966582e+01 +8.516966582e+01 +1.4520e+00 -2.6330e-01
174 +6.188774119e+00 +6.188774119e+00 +8.384877412e+01 +8.384877412e+01 +1.3928e+00 -2.5981e-01
1630 +1.461218147e+00 +1.461218147e+00 +7.912121815e+01 +7.912121815e+01 +2.3563e+00 -5.0570e-01
7458 +3.247798340e-02 +3.247798340e-02 +7.769247798e+01 +7.769247798e+01 +2.3979e+00 -8.5195e-01
% function evaluation | noise-free fitness - Fopt (1.156800000000e+02) | best noise-free fitness - Fopt | measured fitness | best measured fitness | x1 | x2...
1 +2.409538336e+01 +2.409538336e+01 +1.397753834e+02 +1.397753834e+02 +8.5965e-01 -8.6033e-01
22 +1.453019451e+01 +1.453019451e+01 +1.302101945e+02 +1.302101945e+02 +9.5153e-01 -3.3113e-01
150 +6.239794743e+00 +6.239794743e+00 +1.219197947e+02 +1.219197947e+02 -2.0884e+00 -6.8357e-01
508 +1.722315151e-01 +1.722315151e-01 +1.158522315e+02 +1.158522315e+02 -2.1505e+00 -9.8182e-01
6109 +1.500022859e-01 +1.500022859e-01 +1.158300023e+02 +1.158300023e+02 -2.1785e+00 -9.9256e-01
6934 +5.296617863e-02 +5.296617863e-02 +1.157329662e+02 +1.157329662e+02 -2.1647e+00 -9.8002e-01
8015 +7.541015620e-03 +7.541015620e-03 +1.156875410e+02 +1.156875410e+02 -2.1757e+00 -9.8136e-01
% function evaluation | noise-free fitness - Fopt (-3.710000000000e+00) | best noise-free fitness - Fopt | measured fitness | best measured fitness | x1 | x2...
1 +1.435100549e+01 +1.435100549e+01 +1.064100549e+01 +1.064100549e+01 +1.2512e+00 -1.3296e+00
3 +4.460855466e+00 +4.460855466e+00 +7.508554658e-01 +7.508554658e-01 +2.2058e+00 -1.9420e+00
567 +1.811277553e+00 +1.811277553e+00 -1.898722447e+00 -1.898722447e+00 +3.1424e+00 -1.9662e+00
4120 +1.096756765e+00 +1.096756765e+00 -2.613243235e+00 -2.613243235e+00 +3.1023e+00 -1.9258e+00
6395 +8.183380528e-01 +8.183380528e-01 -2.891661947e+00 -2.891661947e+00 +3.1896e+00 -2.2985e+00
8233 +2.479751338e-01 +2.479751338e-01 -3.462024866e+00 -3.462024866e+00 +3.1010e+00 -2.2849e+00
8617 +4.751616725e-02 +4.751616725e-02 -3.662483833e+00 -3.662483833e+00 +3.1060e+00 -2.2972e+00
8714 +7.783971440e-03 +7.783971440e-03 -3.702216029e+00 -3.702216029e+00 +3.1221e+00 -2.2933e+00
% function evaluation | noise-free fitness - Fopt (1.321800000000e+02) | best noise-free fitness - Fopt | measured fitness | best measured fitness | x1 | x2...
1 +3.246793626e+01 +3.246793626e+01 +1.646479363e+02 +1.646479363e+02 +4.8817e-01 +1.2061e+00
4 +1.523661850e+01 +1.523661850e+01 +1.474166185e+02 +1.474166185e+02 -2.6429e+00 +2.1664e+00
48 +4.791191398e+00 +4.791191398e+00 +1.369711914e+02 +1.369711914e+02 -3.7638e+00 +2.1373e+00
792 +3.841574114e+00 +3.841574114e+00 +1.360215741e+02 +1.360215741e+02 -3.6580e+00 +1.5143e+00
3567 +2.288607999e+00 +2.288607999e+00 +1.344686080e+02 +1.344686080e+02 -3.7235e+00 +1.4513e+00
4132 +1.534402711e+00 +1.534402711e+00 +1.337144027e+02 +1.337144027e+02 -3.7201e+00 +1.5076e+00
4506 +5.009518550e-01 +5.009518550e-01 +1.326809519e+02 +1.326809519e+02 -3.7360e+00 +1.4695e+00
9541 +1.928897307e-01 +1.928897307e-01 +1.323728897e+02 +1.323728897e+02 -3.7941e+00 +1.4838e+00
9823 +9.540807977e-02 +9.540807977e-02 +1.322754081e+02 +1.322754081e+02 -3.7481e+00 +1.4878e+00
% function evaluation | noise-free fitness - Fopt (-3.578000000000e+01) | best noise-free fitness - Fopt | measured fitness | best measured fitness | x1 | x2...
1 +7.316309097e+01 +7.316309097e+01 +3.738309097e+01 +3.738309097e+01 -2.5417e+00 -1.4853e+00
6 +4.339310068e+01 +4.339310068e+01 +7.613100675e+00 +7.613100675e+00 -2.5765e+00 -2.6325e+00
14 +3.355393749e+01 +3.355393749e+01 -2.226062505e+00 -2.226062505e+00 -1.0743e+00 -4.3268e+00
18 +7.329727898e+00 +7.329727898e+00 -2.845027210e+01 -2.845027210e+01 +1.1515e+00 -2.4572e+00
573 +4.147978543e+00 +4.147978543e+00 -3.163202146e+01 -3.163202146e+01 +1.8085e-01 -2.5479e+00
2378 +4.824965163e-01 +4.824965163e-01 -3.529750348e+01 -3.529750348e+01 +1.9675e-01 -3.1744e+00
4745 +1.040899860e-01 +1.040899860e-01 -3.567591001e+01 -3.567591001e+01 +1.5376e-01 -3.1556e+00
4873 +2.783271618e-02 +2.783271618e-02 -3.575216728e+01 -3.575216728e+01 +1.4861e-01 -3.1609e+00
8906 +1.615200707e-02 +1.615200707e-02 -3.576384799e+01 -3.576384799e+01 +1.6267e-01 -3.1604e+00
% function evaluation | noise-free fitness - Fopt (-3.774000000000e+01) | best noise-free fitness - Fopt | measured fitness | best measured fitness | x1 | x2...
1 +7.404152837e+01 +7.404152837e+01 +3.630152837e+01 +3.630152837e+01 -4.1460e+00 +8.8112e-01
4 +3.255739138e+01 +3.255739138e+01 -5.182608625e+00 -5.182608625e+00 +8.0634e-01 -6.9893e-01
14 +2.263846221e+01 +2.263846221e+01 -1.510153779e+01 -1.510153779e+01 +1.3828e+00 +3.0152e-02
46 +5.099024665e+00 +5.099024665e+00 -3.264097533e+01 -3.264097533e+01 +3.5783e+00 -4.1494e-01
559 +3.845693902e+00 +3.845693902e+00 -3.389430610e+01 -3.389430610e+01 +4.4766e+00 +2.3548e-01
1189 +2.284285293e+00 +2.284285293e+00 -3.545571471e+01 -3.545571471e+01 +2.5733e+00 +5.9384e-01
2128 +1.162961302e+00 +1.162961302e+00 -3.657703870e+01 -3.657703870e+01 +3.5688e+00 +6.1818e-01
4127 +1.723414243e-01 +1.723414243e-01 -3.756765858e+01 -3.756765858e+01 +3.5223e+00 +2.5135e-01
7700 +3.373998089e-03 +3.373998089e-03 -3.773662600e+01 -3.773662600e+01 +3.5434e+00 +2.4555e-01
% function evaluation | noise-free fitness - Fopt (1.330200000000e+02) | best noise-free fitness - Fopt | measured fitness | best measured fitness | x1 | x2...
1 +6.870341293e+01 +6.870341293e+01 +2.017234129e+02 +2.017234129e+02 -1.6627e+00 +3.2734e-01
4 +4.176991958e+01 +4.176991958e+01 +1.747899196e+02 +1.747899196e+02 -1.7672e+00 -6.5356e-01
20 +2.734338261e+01 +2.734338261e+01 +1.603633826e+02 +1.603633826e+02 +5.3543e-01 -1.7609e+00
29 +1.858968371e+01 +1.858968371e+01 +1.516096837e+02 +1.516096837e+02 -5.8334e-01 -5.4236e-01
60 +7.436746835e+00 +7.436746835e+00 +1.404567468e+02 +1.404567468e+02 -4.5855e+00 -2.2372e+00
747 +4.022522055e+00 +4.022522055e+00 +1.370425221e+02 +1.370425221e+02 -2.5524e+00 -1.7988e+00
950 +2.425647092e+00 +2.425647092e+00 +1.354456471e+02 +1.354456471e+02 -4.5079e+00 -1.1653e+00
5255 +1.479475274e+00 +1.479475274e+00 +1.344994753e+02 +1.344994753e+02 -3.5338e+00 -1.1832e+00
5925 +7.434666023e-01 +7.434666023e-01 +1.337634666e+02 +1.337634666e+02 -3.5304e+00 -1.4964e+00
6803 +6.165378807e-01 +6.165378807e-01 +1.336365379e+02 +1.336365379e+02 -3.5378e+00 -1.4975e+00
8005 +3.249106999e-01 +3.249106999e-01 +1.333449107e+02 +1.333449107e+02 -3.5579e+00 -1.5296e+00
8007 +2.245536307e-01 +2.245536307e-01 +1.332445536e+02 +1.332445536e+02 -3.5715e+00 -1.5229e+00
8584 +3.381660375e-02 +3.381660375e-02 +1.330538166e+02 +1.330538166e+02 -3.5442e+00 -1.5214e+00
% function evaluation | noise-free fitness - Fopt (-1.742300000000e+02) | best noise-free fitness - Fopt | measured fitness | best measured fitness | x1 | x2...
1 +6.947877794e+03 +6.947877794e+03 +6.773647794e+03 +6.773647794e+03 -3.4665e+00 +4.8212e+00
2 +6.754931445e+01 +6.754931445e+01 -1.066806855e+02 -1.066806855e+02 -2.7813e+00 -4.6128e+00
3 +4.666866934e+01 +4.666866934e+01 -1.275613307e+02 -1.275613307e+02 +3.7868e+00 -1.6499e+00
8 +3.571879002e+01 +3.571879002e+01 -1.385112100e+02 -1.385112100e+02 -7.7568e-02 -2.6140e+00
70 +8.113903390e+00 +8.113903390e+00 -1.661160966e+02 -1.661160966e+02 +3.5045e+00 -3.1150e+00
321 +4.987720230e-01 +4.987720230e-01 -1.737312280e+02 -1.737312280e+02 +2.4339e+00 -3.0512e+00
4549 +1.632737104e-01 +1.632737104e-01 -1.740667263e+02 -1.740667263e+02 +2.4644e+00 -3.0638e+00
8525 +6.460437948e-02 +6.460437948e-02 -1.741653956e+02 -1.741653956e+02 +2.4477e+00 -3.0634e+00
8609 +5.303713249e-02 +5.303713249e-02 -1.741769629e+02 -1.741769629e+02 +2.4386e+00 -3.0638e+00
10134 +3.418748984e-02 +3.418748984e-02 -1.741958125e+02 -1.741958125e+02 +2.4394e+00 -3.0734e+00
% function evaluation | noise-free fitness - Fopt (6.380000000000e+00) | best noise-free fitness - Fopt | measured fitness | best measured fitness | x1 | x2...
1 +2.311857901e+02 +2.311857901e+02 +2.375657901e+02 +2.375657901e+02 -2.4433e+00 -2.1888e+00
2 +1.129007281e+02 +1.129007281e+02 +1.192807281e+02 +1.192807281e+02 -3.6352e+00 +1.1182e-01
3 +3.382889823e+01 +3.382889823e+01 +4.020889823e+01 +4.020889823e+01 -1.4669e+00 +2.6461e+00
15 +2.130268172e+01 +2.130268172e+01 +2.768268172e+01 +2.768268172e+01 +4.8015e+00 +3.3383e+00
105 +7.083120222e+00 +7.083120222e+00 +1.346312022e+01 +1.346312022e+01 +1.7874e+00 +2.5722e+00
484 +4.018513011e+00 +4.018513011e+00 +1.039851301e+01 +1.039851301e+01 +2.9373e+00 +2.5737e+00
2055 +3.634593386e+00 +3.634593386e+00 +1.001459339e+01 +1.001459339e+01 +4.8245e+00 +2.5717e+00
4178 +2.237539945e+00 +2.237539945e+00 +8.617539945e+00 +8.617539945e+00 +3.8043e+00 +2.5720e+00
4231 +7.460895944e-01 +7.460895944e-01 +7.126089594e+00 +7.126089594e+00 +3.8487e+00 +2.2209e+00
8833 +8.750302886e-02 +8.750302886e-02 +6.467503029e+00 +6.467503029e+00 +3.8798e+00 +2.2338e+00
11233 +3.217752131e-02 +3.217752131e-02 +6.412177521e+00 +6.412177521e+00 +3.8810e+00 +2.2382e+00
% function evaluation | noise-free fitness - Fopt (1.437000000000e+01) | best noise-free fitness - Fopt | measured fitness | best measured fitness | x1 | x2...
1 +6.936085934e+01 +6.936085934e+01 +8.373085934e+01 +8.373085934e+01 -1.7273e+00 -7.0226e-02
4 +2.413026949e+01 +2.413026949e+01 +3.850026949e+01 +3.850026949e+01 -4.4053e+00 +2.2230e+00
200 +6.283349507e+00 +6.283349507e+00 +2.065334951e+01 +2.065334951e+01 -4.8466e+00 +1.5674e+00
1370 +2.957385056e+00 +2.957385056e+00 +1.732738506e+01 +1.732738506e+01 -3.8892e+00 +2.3307e+00
4159 +1.221856151e+00 +1.221856151e+00 +1.559185615e+01 +1.559185615e+01 -2.8800e+00 +1.9150e+00
5533 +9.972660544e-01 +9.972660544e-01 +1.536726605e+01 +1.536726605e+01 -3.8585e+00 +2.2788e+00
8105 +1.400409473e-01 +1.400409473e-01 +1.451004095e+01 +1.451004095e+01 -3.8454e+00 +1.9118e+00
10402 +5.360086612e-02 +5.360086612e-02 +1.442360087e+01 +1.442360087e+01 -3.8554e+00 +1.9147e+00
11604 +3.637203265e-02 +3.637203265e-02 +1.440637203e+01 +1.440637203e+01 -3.8476e+00 +1.9199e+00
% function evaluation | noise-free fitness - Fopt (-3.260000000000e+00) | best noise-free fitness - Fopt | measured fitness | best measured fitness | x1 | x2...
1 +1.168601928e+02 +1.168601928e+02 +1.136001928e+02 +1.136001928e+02 -4.1897e+00 -2.5329e-01
4 +1.626705826e+01 +1.626705826e+01 +1.300705826e+01 +1.300705826e+01 +2.9037e+00 +2.2224e+00
26 +1.264477665e+01 +1.264477665e+01 +9.384776646e+00 +9.384776646e+00 +8.2753e-01 +1.3823e+00
42 +9.403732380e+00 +9.403732380e+00 +6.143732380e+00 +6.143732380e+00 +1.9401e+00 +2.3219e+00
247 +3.752260885e+00 +3.752260885e+00 +4.922608855e-01 +4.922608855e-01 +3.9421e+00 +2.0250e+00
3609 +1.498719907e+00 +1.498719907e+00 -1.761280093e+00 -1.761280093e+00 +4.7932e+00 +1.6600e+00
4165 +5.538157926e-02 +5.538157926e-02 -3.204618421e+00 -3.204618421e+00 +3.8068e+00 +1.6624e+00
10068 +1.655022170e-02 +1.655022170e-02 -3.243449778e+00 -3.243449778e+00 +3.8259e+00 +1.6613e+00
% function evaluation | noise-free fitness - Fopt (-2.056200000000e+02) | best noise-free fitness - Fopt | measured fitness | best measured fitness | x1 | x2...
1 +1.161311716e+02 +1.161311716e+02 -8.948882835e+01 -8.948882835e+01 +1.8633e+00 -1.6671e+00
3 +2.078695171e+01 +2.078695171e+01 -1.848330483e+02 -1.848330483e+02 +3.5112e+00 +1.2822e+00
42 +1.208707708e+01 +1.208707708e+01 -1.935329229e+02 -1.935329229e+02 +3.5984e+00 +1.4955e+00
223 +7.127011263e+00 +7.127011263e+00 -1.984929887e+02 -1.984929887e+02 +1.6822e+00 +2.2021e+00
254 +5.790216871e+00 +5.790216871e+00 -1.998297831e+02 -1.998297831e+02 +5.0170e-01 +1.8792e+00
2506 +3.216412716e+00 +3.216412716e+00 -2.024035873e+02 -2.024035873e+02 +1.6393e+00 +1.2394e+00
3877 +2.048065914e+00 +2.048065914e+00 -2.035719341e+02 -2.035719341e+02 -2.9215e-01 +1.5216e+00
3943 +1.047568442e+00 +1.047568442e+00 -2.045724316e+02 -2.045724316e+02 +5.8820e-01 +1.5420e+00
4600 +3.098278118e-01 +3.098278118e-01 -2.053101722e+02 -2.053101722e+02 +6.3651e-01 +1.5403e+00
6000 +2.021887013e-01 +2.021887013e-01 -2.054178113e+02 -2.054178113e+02 +6.3196e-01 +1.5360e+00
8032 +1.035857022e-01 +1.035857022e-01 -2.055164143e+02 -2.055164143e+02 +6.3889e-01 +1.5229e+00
8338 +2.431253212e-02 +2.431253212e-02 -2.055956875e+02 -2.055956875e+02 +6.4472e-01 +1.5256e+00
8843 +4.149740629e-03 +4.149740629e-03 -2.056158503e+02 -2.056158503e+02 +6.5211e-01 +1.5266e+00
% function evaluation | noise-free fitness - Fopt (2.877200000000e+02) | best noise-free fitness - Fopt | measured fitness | best measured fitness | x1 | x2...
1 +5.987446887e+01 +5.987446887e+01 +3.475944689e+02 +3.475944689e+02 +1.9584e+00 -2.8211e+00
17 +1.248886540e+01 +1.248886540e+01 +3.002088654e+02 +3.002088654e+02 -8.6108e-01 -1.0595e+00
82 +9.037710594e+00 +9.037710594e+00 +2.967577106e+02 +2.967577106e+02 -4.8097e+00 -1.0412e+00
160 +6.183214300e+00 +6.183214300e+00 +2.939032143e+02 +2.939032143e+02 -8.2707e-01 -1.0108e+00
1438 +2.147829819e+00 +2.147829819e+00 +2.898678298e+02 +2.898678298e+02 -2.8369e+00 -1.6681e+00
1870 +9.015025149e-01 +9.015025149e-01 +2.886215025e+02 +2.886215025e+02 -2.8603e+00 -1.3147e+00
4943 +4.905681717e-01 +4.905681717e-01 +2.882105682e+02 +2.882105682e+02 -2.8357e+00 -1.3520e+00
6049 +1.704603567e-01 +1.704603567e-01 +2.878904604e+02 +2.878904604e+02 -2.8647e+00 -1.3281e+00
8887 +2.717750315e-02 +2.717750315e-02 +2.877471775e+02 +2.877471775e+02 -2.8639e+00 -1.3349e+00
% function evaluation | noise-free fitness - Fopt (7.524000000000e+01) | best noise-free fitness - Fopt | measured fitness | best measured fitness | x1 | x2...
1 +1.395876294e+02 +1.395876294e+02 +2.148276294e+02 +2.148276294e+02 +2.8073e+00 -1.3553e+00
5 +1.485632075e+01 +1.485632075e+01 +9.009632075e+01 +9.009632075e+01 -3.1435e+00 +1.7774e+00
46 +8.610619107e+00 +8.610619107e+00 +8.385061911e+01 +8.385061911e+01 -2.8345e+00 +6.5920e-01
518 +1.779845955e+00 +1.779845955e+00 +7.701984596e+01 +7.701984596e+01 -2.9372e+00 +1.3954e+00
4071 +7.405770441e-01 +7.405770441e-01 +7.598057704e+01 +7.598057704e+01 -2.8785e+00 +1.4163e+00
4488 +1.006355129e-01 +1.006355129e-01 +7.534063551e+01 +7.534063551e+01 -2.8349e+00 +1.3932e+00
8071 +7.372544357e-02 +7.372544357e-02 +7.531372544e+01 +7.531372544e+01 -2.8349e+00 +1.3948e+00
8547 +5.799001851e-02 +5.799001851e-02 +7.529799002e+01 +7.529799002e+01 -2.8207e+00 +1.3999e+00
8876 +3.204438639e-02 +3.204438639e-02 +7.527204439e+01 +7.527204439e+01 -2.8481e+00 +1.3980e+00
