% function evaluation | noise-free fitness - Fopt (-2.098800000000e+02) | best noise-free fitness - Fopt | measured fitness | best measured fitness | x1 | x2...
1 +2.706313607e+07 +2.706313607e+07 +2.706292619e+07 +2.706292619e+07 -1.2025e+00 -4.3249e+00 +3.8871e+00 -2.6588e+00 +4.4872e+00 +9.9955e-01 +4.5780e-02 +1.4873e+00 -1.2325e+00 +3.7560e+00 +2.5869e+00 +3.3374e+00 -2.9977e+00 -3.1246e+00 -4.1262e+00 -2.9648e+00 +6.9731e-02 +3.7436e+00 +4.0939e+00 +1.9785e-02
2 +1.429471653e+07 +1.429471653e+07 +1.429450665e+07 +1.429450665e+07 -2.0932e+00 +1.4965e+00 -3.8958e+00 +4.3141e+00 +9.9861e-01 +1.9086e+00 -2.4451e+00 +3.1046e+00 +4.7232e+00 -3.8842e+00 -3.5153e+00 -2.3450e-01 -2.2801e-01 +2.7972e-01 -1.4887e+00 +2.4751e+00 -1.8746e+00 +4.9632e+00 +1.8712e+00 +3.4639e+00
3 +9.262330927e+06 +9.262330927e+06 +9.262121047e+06 +9.262121047e+06 +3.3535e+00 -1.7254e+00 -2.6369e+00 -2.3223e+00 +3.7046e+00 -1.7964e+00 -3.4242e+00 +3.8285e+00 +1.9485e+00 +2.0286e+00 -1.3590e+00 +9.2865e-01 -2.1177e+00 +2.5621e+00 +4.6798e+00 -3.2787e+00 +1.6924e-01 -1.8289e-01 -4.4194e+00 +5.5274e-01
6 +2.788921549e+06 +2.788921549e+06 +2.788711669e+06 +2.788711669e+06 -4.8216e+00 +2.4406e+00 -4.2027e+00 -4.7870e+00 -2.2045e+00 -1.4013e+00 -1.3592e+00 -2.1576e+00 -3.8483e+00 -3.1195e+00 -4.8501e+00 -3.8148e+00 +2.6172e+00 -1.9489e+00 -1.1967e+00 -2.2442e+00 -1.8910e-01 +3.1916e+00 -4.0642e+00 +2.0632e+00
26 +2.508869220e+06 +2.508869220e+06 +2.508659340e+06 +2.508659340e+06 -4.9195e+00 +8.8155e-01 +8.7243e-02 +4.4296e+00 -3.0121e+00 +4.5499e+00 +4.2979e+00 -2.1807e+00 +3.3231e+00 -4.9622e+00 +7.7594e-01 +2.1735e+00 -9.7906e-01 +9.5603e-01 -1.7165e+00 +2.0699e+00 -2.1094e+00 +3.1858e+00 -2.1349e+00 +1.4263e+00
91 +9.477918783e+05 +9.477918783e+05 +9.475819983e+05 +9.475819983e+05 -3.1503e+00 +1.1404e+00 -1.5821e+00 -1.6389e+00 -2.3441e+00 -2.8772e+00 +3.1310e+00 +1.9767e-02 +1.9544e+00 -4.1321e+00 -7.1918e-01 +1.0911e+00 +1.4553e-01 -7.5923e-01 -1.7108e+00 -2.0069e+00 -1.5522e+00 +2.5776e+00 -1.5316e+00 +2.2127e+00
165 +5.256638872e+05 +5.256638872e+05 +5.254540072e+05 +5.254540072e+05 -4.7285e+00 +1.4071e+00 -6.5735e-01 +7.4056e-01 -1.8586e+00 +2.7051e+00 +3.2469e+00 -1.7995e+00 +1.0695e+00 -3.0559e+00 -6.4331e-01 +7.8349e-01 +1.1846e+00 -4.8528e-01 -1.9975e+00 -1.8761e+00 -1.8769e+00 +2.8329e+00 -2.6929e+00 +1.9699e+00
284 +3.978928851e+05 +3.978928851e+05 +3.976830051e+05 +3.976830051e+05 -4.6678e+00 +1.3848e+00 -1.0269e+00 +7.2586e-01 -2.2978e+00 +2.7333e+00 +2.6205e+00 -1.7575e+00 +1.3414e+00 -3.3435e+00 -6.7194e-01 +8.2972e-01 +1.3789e+00 -5.6700e-01 -1.8326e+00 -1.9330e+00 -2.0813e+00 +2.7755e+00 -2.6296e+00 +1.9404e+00
% function evaluation | noise-free fitness - Fopt (-9.209000000000e+01) | best noise-free fitness - Fopt | measured fitness | best measured fitness | x1 | x2...
1 +7.115380673e+07 +7.115380673e+07 +7.115371464e+07 +7.115371464e+07 +2.4447e+00 +1.1367e-01 +5.0973e-01 -4.1287e+00 +3.0143e+00 -2.9055e+00 +3.4256e+00 -4.3848e-01 -1.0838e+00 +3.3503e-01 -5.7947e-01 -2.4145e+00 +1.8631e+00 -6.4117e-01 -8.1956e-01 +4.9165e-02 +1.2210e+00 -3.8428e+00 -4.2388e+00 +4.8298e+00
2 +3.672876992e+07 +3.672876992e+07 +3.672867783e+07 +3.672867783e+07 +4.9168e+00 -1.2093e+00 -4.6261e+00 -3.5538e+00 -3.5560e+00 +4.0515e+00 +1.3690e+00 -1.5307e-01 -2.6543e+00 -1.5252e+00 +2.9256e+00 +3.6921e+00 -9.6438e-01 -4.1618e+00 +2.3869e+00 +1.9208e+00 +2.9163e+00 -2.0618e+00 -4.1595e+00 +1.4514e+00
4 +1.141780468e+07 +1.141780468e+07 +1.141771259e+07 +1.141771259e+07 -9.4551e-01 +6.6584e-02 +5.6249e-01 -4.5088e+00 -2.9998e+00 +2.0273e+00 -4.8156e+00 +4.4902e+00 -2.1066e+00 +4.5810e+00 +2.4672e+00 +3.7915e+00 +3.3686e+00 -4.4207e+00 +2.6417e+00 +1.3489e+00 -4.2778e+00 -5.7125e-02 +3.3514e+00 -3.9940e+00
20 +7.816037867e+06 +7.816037867e+06 +7.815945777e+06 +7.815945777e+06 +1.7203e+00 +4.2694e+00 +1.8854e+00 +4.6418e+00 -3.6991e+00 -1.8383e+00 -4.7062e+00 +3.6186e+00 -2.7731e+00 -1.0480e+00 +3.3096e+00 +3.3696e+00 +4.7982e+00 -4.6108e+00 +4.7802e+00 -4.6088e-01 -4.8335e+00 -1.3404e-02 -3.9424e-01 -2.5892e-01
52 +5.011237542e+06 +5.011237542e+06 +5.011145452e+06 +5.011145452e+06 -3.9348e+00 +4.2444e+00 -1.3436e+00 +1.1455e-01 -4.0225e+00 -3.2067e+00 +1.6505e+00 +3.5718e+00 -2.3274e+00 -6.3629e-01 +4.4774e+00 -1.6939e-01 +4.6663e+00 +1.6070e+00 +3.5951e+00 +3.4803e-02 -3.1982e+00 +2.5217e+00 -1.0588e+00 -2.1239e+00
83 +3.808808791e+06 +3.808808791e+06 +3.808716701e+06 +3.808716701e+06 +2.5645e+00 -1.4983e+00 -1.9879e+00 +1.4460e+00 -2.2396e+00 -1.4259e+00 -4.5081e+00 +9.9323e-01 -2.6977e+00 -1.2746e-01 +3.0775e+00 +2.7325e+00 +1.5360e+00 -3.7190e+00 +1.2750e+00 -2.8399e-01 -2.6681e+00 +4.8818e-01 +9.8194e-01 -7.4130e-01
134 +2.420723190e+06 +2.420723190e+06 +2.420631100e+06 +2.420631100e+06 +6.5928e-01 +1.0009e+00 -3.0044e+00 +1.8661e+00 -1.6230e+00 -1.8058e+00 -2.1714e+00 +1.2531e+00 -2.4429e+00 -5.4745e-01 +2.7061e+00 +9.4203e-01 -1.2370e+00 -4.2108e+00 +2.9665e+00 +2.1343e-01 -3.6990e+00 +8.0470e-01 +1.0450e+00 -1.4931e+00
% function evaluation | noise-free fitness - Fopt (-8.789000000000e+01) | best noise-free fitness - Fopt | measured fitness | best measured fitness | x1 | x2...
1 +4.986553748e+06 +4.986553748e+06 +4.986465858e+06 +4.986465858e+06 +3.2561e+00 -2.7099e+00 +3.6455e+00 -1.5436e+00 +3.9347e+00 -3.6932e+00 -4.6455e+00 -3.2657e+00 +2.4992e+00 +9.6094e-01 -2.8265e-01 +1.5575e+00 +3.6512e+00 -3.0170e-01 +1.4186e+00 +3.1029e+00 -3.3184e+00 +4.5565e+00 -1.6010e+00 +1.6769e+00
52 +3.435995154e+06 +3.435995154e+06 +3.435907264e+06 +3.435907264e+06 -2.7782e-01 +6.1936e-01 +4.3996e-02 -1.6773e+00 -2.7951e+00 +1.0115e+00 -2.0185e+00 +1.4679e+00 -4.2842e+00 -9.1521e-01 +1.1148e+00 -2.7650e+00 -3.3501e+00 -2.4720e+00 -6.4908e-01 -3.7787e+00 +2.3860e+00 +2.0050e+00 +8.3405e-02 +2.1040e+00
97 +2.089543754e+06 +2.089543754e+06 +2.089455864e+06 +2.089455864e+06 -3.6648e+00 -6.2232e-01 +1.3528e-01 +2.8957e+00 +6.9217e-01 +1.6319e+00 -2.2000e+00 -5.6504e-01 -2.9389e-01 -2.3746e+00 +1.7294e+00 -7.2588e-01 -2.5056e+00 -2.9844e+00 -2.6101e+00 -1.1265e+00 +2.2338e-01 +1.3574e+00 +5.0899e-02 +2.8679e+00
121 +1.564324574e+06 +1.564324574e+06 +1.564236684e+06 +1.564236684e+06 -2.7075e+00 +1.0947e-01 +9.9354e-01 +3.1290e+00 +1.4249e+00 +1.4454e+00 +7.4965e-01 +3.2549e-01 -1.6613e+00 -3.5129e+00 +2.2369e+00 -1.8725e+00 -2.6235e+00 -1.5301e+00 -1.3509e+00 -1.8340e+00 +3.2526e-01 +1.7619e+00 -1.9960e-01 +2.4638e+00
% function evaluation | noise-free fitness - Fopt (3.201900000000e+02) | best noise-free fitness - Fopt | measured fitness | best measured fitness | x1 | x2...
1 +4.857012255e+06 +4.857012255e+06 +4.857332445e+06 +4.857332445e+06 -2.2961e+00 -2.6546e+00 +4.7883e+00 +2.4895e+00 +3.7616e+00 -2.7673e+00 -1.0671e+00 +1.7753e+00 +1.7725e+00 +4.1256e+00 +3.4774e-01 +2.0748e+00 +3.3547e-01 -4.3050e+00 +1.8404e+00 +3.7784e+00 +1.3223e+00 -4.7493e-04 +4.3001e+00 +3.1344e+00
11 +2.041386062e+06 +2.041386062e+06 +2.041706252e+06 +2.041706252e+06 -1.9053e+00 -1.2561e+00 +2.0230e+00 -1.1164e+00 -2.6625e-01 -1.5680e+00 +1.7229e+00 -1.2617e-01 -8.7712e-02 -3.3948e+00 -3.6018e+00 +2.8498e+00 -3.6946e+00 -4.2457e+00 -4.5069e+00 +3.8443e+00 +3.8240e+00 -3.5423e-01 +1.9361e+00 +2.0770e+00
50 +1.478417676e+06 +1.478417676e+06 +1.478737866e+06 +1.478737866e+06 -1.5534e+00 -7.3264e-01 +3.5960e+00 +1.1677e+00 +1.9949e+00 -6.1383e-01 -2.0056e+00 +1.7991e-01 -3.3276e-01 -2.6924e+00 -9.9571e-01 -3.5154e+00 -3.0745e+00 -3.8532e+00 -4.2836e+00 +2.3228e+00 +2.5362e+00 +3.9198e-01 +3.2787e+00 +1.0545e+00
85 +8.861020276e+05 +8.861020276e+05 +8.864222176e+05 +8.864222176e+05 -2.6656e+00 -1.0005e+00 +3.2740e+00 +7.6936e-01 -5.6765e-01 -4.2992e-01 +1.6767e+00 +1.4480e-01 +1.9586e+00 -2.1058e+00 -1.3518e+00 -3.3760e+00 -3.3065e+00 -3.3518e+00 -1.5658e+00 +1.9343e+00 +3.0223e+00 -4.2661e-01 +2.8645e+00 +1.1274e+00
128 +5.647778079e+05 +5.647778079e+05 +5.650979979e+05 +5.650979979e+05 -2.2045e+00 -9.8602e-01 +3.3315e+00 +8.4263e-01 +1.5759e-01 -4.9148e-01 +2.6986e-02 +1.5918e-01 +1.6297e+00 -2.1995e+00 -1.7857e+00 -1.3998e+00 -3.0594e+00 -3.4493e+00 -2.1211e+00 +1.7807e+00 +2.9213e+00 +9.2154e-01 +2.6488e+00 +1.3639e+00
% function evaluation | noise-free fitness - Fopt (-1.042400000000e+02) | best noise-free fitness - Fopt | measured fitness | best measured fitness | x1 | x2...
1 +3.857973025e+07 +3.857973025e+07 +3.857962601e+07 +3.857962601e+07 -4.2441e+00 -4.6982e+00 -7.5753e-01 -1.7340e+00 +6.6556e-01 +3.4756e+00 -1.1023e+00 +4.8119e+00 +2.2745e-01 -4.1189e+00 +2.1811e+00 +1.3189e+00 -2.8655e+00 +1.1255e+00 +2.1172e+00 +3.9353e+00 -2.8063e+00 -4.8762e+00 +1.2062e+00 +1.5148e+00
6 +1.917075324e+07 +1.917075324e+07 +1.917064900e+07 +1.917064900e+07 -4.3615e+00 -5.1973e-01 -4.5994e+00 +4.9159e+00 +3.5577e-01 +4.0162e+00 -3.1492e+00 +1.6274e+00 -1.4220e-02 +8.5375e-01 -4.5463e+00 +4.8980e+00 +2.5878e+00 -1.1735e+00 +4.1434e+00 +1.1482e+00 -1.7275e+00 +2.7697e+00 -1.1550e+00 -1.5666e+00
13 +7.649996574e+06 +7.649996574e+06 +7.649892334e+06 +7.649892334e+06 +1.9800e+00 -1.9968e+00 -3.8241e+00 -2.5448e+00 -2.5171e+00 -4.9489e+00 +2.3805e+00 +3.7369e+00 -1.6771e+00 -3.8518e+00 +3.6022e+00 +2.1438e+00 -1.2126e+00 -4.0627e+00 +4.7341e+00 -2.2128e+00 +6.3664e-02 -2.6185e+00 +2.8474e+00 -2.1606e+00
14 +1.988298222e+06 +1.988298222e+06 +1.988193982e+06 +1.988193982e+06 -4.7525e-01 +4.1027e+00 -2.2339e+00 -3.4332e+00 +8.2469e-01 -2.5598e+00 +4.6155e+00 -7.2341e-01 -4.9666e+00 -9.9979e-01 +6.1350e-01 -4.1264e+00 +3.5873e+00 -3.0540e-01 +4.5104e+00 -3.0593e+00 +3.2458e+00 -2.1395e+00 +1.3493e+00 -2.8817e+00
67 +1.466611448e+06 +1.466611448e+06 +1.466507208e+06 +1.466507208e+06 -3.1593e+00 +2.2301e+00 -2.3273e+00 +3.2665e-01 +6.7140e-01 +5.2894e-02 +2.4135e+00 +5.1008e-01 -3.7627e+00 -7.2073e-01 +1.0930e+00 +2.2027e+00 +2.6674e+00 -1.1820e+00 +1.4747e+00 -2.0628e+00 +2.6374e+00 -3.4914e+00 +1.2778e+00 -4.5946e+00
91 +5.624779782e+05 +5.624779782e+05 +5.623737382e+05 +5.623737382e+05 -1.9170e+00 +2.8076e+00 -2.5316e+00 -1.3741e+00 -2.6259e-01 -1.8473e-01 +2.1813e+00 -9.3859e-03 -3.8871e+00 +7.0973e-02 +5.3529e-01 +1.9488e+00 -1.1871e+00 +3.2687e-01 +1.0983e+00 -2.7675e+00 +2.7847e+00 -2.8978e+00 +7.9673e-01 -3.6742e+00
189 +3.602407746e+05 +3.602407746e+05 +3.601365346e+05 +3.601365346e+05 -1.9189e+00 +2.4244e+00 -2.5078e+00 -1.3236e+00 +3.4389e-01 +1.0922e+00 +2.2002e+00 +1.4075e+00 -4.0883e+00 -5.2568e-01 +6.4982e-01 +1.7625e+00 +2.0161e+00 -9.7243e-01 +2.9594e+00 -2.6386e+00 +3.1949e+00 -2.7156e+00 +5.6832e-01 -3.6561e+00
2111 +2.508235561e+05 +2.508235561e+05 +2.507193161e+05 +2.507193161e+05 -1.9314e+00 +1.0596e+00 -2.4799e+00 -1.3461e+00 +1.3275e-01 +2.1080e-01 +2.1929e+00 +1.1024e+00 -4.0078e+00 -7.0822e-01 +5.7179e-01 +1.8882e+00 -8.7191e-01 -2.7200e-01 +2.9904e+00 -2.7618e+00 +3.1612e+00 -2.5882e+00 +6.6377e-01 -3.6592e+00
% function evaluation | noise-free fitness - Fopt (1.372700000000e+02) | best noise-free fitness - Fopt | measured fitness | best measured fitness | x1 | x2...
1 +1.612220715e+07 +1.612220715e+07 +1.612234442e+07 +1.612234442e+07 -1.7368e+00 -2.6718e+00 +3.9158e+00 +4.0415e+00 -4.2852e+00 +4.2948e+00 +4.7735e+00 -1.4569e+00 -2.9985e+00 -3.1048e+00 -3.2222e+00 -2.4401e+00 -5.6917e-01 -9.3686e-01 +4.3803e-01 -3.9201e+00 -1.2489e-01 +3.2273e+00 +3.9528e+00 +1.5191e+00
3 +1.393110658e+07 +1.393110658e+07 +1.393124385e+07 +1.393124385e+07 +3.0459e+00 -1.3192e+00 -2.2837e-01 +3.5116e+00 -4.1000e+00 -4.4819e+00 -8.1771e-01 -3.6444e+00 +4.2783e+00 +2.8971e+00 -3.3656e+00 -2.7372e+00 -1.2099e+00 -2.8227e+00 -1.9103e+00 +1.7505e+00 +1.0475e+00 -2.8152e+00 +7.3346e-01 -3.9155e+00
10 +8.746069830e+06 +8.746069830e+06 +8.746207100e+06 +8.746207100e+06 -4.7692e+00 +4.7643e+00 -3.0591e+00 +2.2497e+00 -3.1446e+00 +4.3847e+00 +3.0605e+00 -3.7501e+00 -1.3662e+00 -4.1003e+00 +3.3347e+00 -1.9954e+00 +1.0991e+00 +3.6845e+00 +2.5627e+00 -3.0147e-01 -3.1148e+00 +2.7482e+00 -7.7827e-01 -8.8739e-01
13 +1.946116133e+06 +1.946116133e+06 +1.946253403e+06 +1.946253403e+06 +3.9451e+00 -4.1079e+00 +2.6896e+00 +4.6031e-01 -3.6046e+00 -3.4147e+00 +1.4317e+00 +2.8892e+00 -1.6383e+00 -7.6741e-01 -1.3841e+00 +3.7185e-01 +4.0678e+00 -1.3925e+00 -2.2102e+00 -7.6824e-01 -3.3171e-02 +1.1480e+00 +2.2358e+00 -2.2431e+00
80 +8.489527654e+05 +8.489527654e+05 +8.490900354e+05 +8.490900354e+05 -1.1062e+00 -3.0961e-02 +3.0318e+00 +2.9761e-01 -2.5096e+00 -2.4015e+00 +3.3188e+00 +2.9565e+00 +2.1812e+00 +1.4380e+00 +1.1057e+00 -1.4214e+00 +3.2209e+00 -1.0266e+00 +3.8790e+00 -7.3867e-01 -1.6364e+00 +3.1261e+00 +1.7021e+00 -2.2112e+00
106 +3.760686109e+05 +3.760686109e+05 +3.762058809e+05 +3.762058809e+05 +1.7390e+00 -1.5215e+00 +2.9014e+00 -2.7533e+00 -8.8104e-01 -2.5038e+00 +8.5262e-01 +2.0834e+00 +1.2149e+00 +1.0667e+00 +9.7517e-01 -2.8851e-01 +3.3559e+00 -1.2490e+00 +3.5531e+00 -8.9120e-01 +6.1062e-01 +2.6329e+00 +1.9352e+00 -2.2276e+00
300 +2.502167304e+05 +2.502167304e+05 +2.503540004e+05 +2.503540004e+05 +9.5543e-01 -3.0656e-01 +2.8669e+00 -1.6629e+00 -1.3577e+00 -2.4587e+00 +1.3422e+00 +2.5535e+00 +1.2804e+00 +2.3097e-01 +1.0405e+00 -6.5886e-01 +2.9700e+00 -1.1941e+00 +2.7912e+00 -4.6913e-01 +1.2883e-01 +2.9630e+00 +1.9029e+00 -2.2187e+00
% function evaluation | noise-free fitness - Fopt (1.705300000000e+02) | best noise-free fitness - Fopt | measured fitness | best measured fitness | x1 | x2...
1 +2.476923274e+07 +2.476923274e+07 +2.476940327e+07 +2.476940327e+07 +4.2118e+00 -9.9034e-01 -1.6686e+00 -4.2583e+00 -4.3544e+00 -4.0353e+00 -4.3855e+00 +2.8033e+00 -8.3262e-01 +4.5568e+00 +4.1794e+00 +1.3610e+00 -1.0310e-01 -2.2201e+00 -1.6845e+00 -4.5869e+00 +3.2870e+00 +3.9185e+00 -3.2774e+00 +3.6244e-01
3 +1.536030264e+07 +1.536030264e+07 +1.536047317e+07 +1.536047317e+07 +1.9625e+00 -4.7552e+00 +6.6331e-01 -1.9474e+00 -4.8447e+00 -2.1898e+00 -3.4790e+00 +1.1308e+00 -2.5466e+00 -1.8597e+00 +6.7910e-01 +2.5533e-01 +4.9779e+00 -7.9700e-01 +4.3257e+00 -1.5660e+00 +1.4408e+00 +2.4113e+00 +1.6860e+00 -3.6220e+00
8 +9.061502364e+06 +9.061502364e+06 +9.061672894e+06 +9.061672894e+06 +3.0416e+00 +1.2407e+00 +4.0975e+00 -6.7984e-01 -3.6706e+00 +2.0590e+00 -2.8974e-01 +3.7518e+00 +2.0956e+00 -2.2242e-01 +4.0102e+00 -3.1756e+00 -3.9093e+00 +2.9919e+00 -2.8575e+00 -1.8272e+00 -7.5497e-01 +1.5944e+00 +1.5372e-01 -2.2852e+00
13 +6.153107700e+06 +6.153107700e+06 +6.153278230e+06 +6.153278230e+06 -2.2494e+00 +2.5767e+00 -2.0321e+00 -2.3427e+00 +1.5466e-01 -4.3764e+00 +4.4963e+00 +1.6963e+00 -4.1811e+00 -2.1368e+00 -4.3645e+00 -4.2343e+00 +4.2772e+00 +2.3852e+00 +2.7487e+00 +3.7067e+00 +6.0292e-01 +3.9292e+00 -2.4251e+00 -2.7511e+00
48 +3.614252258e+06 +3.614252258e+06 +3.614422788e+06 +3.614422788e+06 +1.5511e+00 -9.3339e-01 +4.1998e+00 +3.8406e+00 -3.8849e+00 +1.9513e+00 -2.7302e+00 -2.0622e+00 +5.5191e-01 +2.2008e+00 +1.7671e+00 -1.9376e+00 -2.1349e+00 +2.5914e+00 -6.3652e-01 -5.8720e-01 +6.3764e-01 +2.2347e+00 -2.0212e+00 -3.7044e+00
58 +1.430856762e+06 +1.430856762e+06 +1.431027292e+06 +1.431027292e+06 +9.7117e-01 -4.2291e+00 +4.9328e+00 +3.2260e+00 -4.0171e+00 -1.5010e+00 -7.4302e-01 -3.4793e+00 +2.7995e+00 +2.4449e+00 +2.1525e-01 +3.4242e+00 -5.0691e-01 -6.1457e-01 -3.6367e-01 -1.0347e+00 -1.4280e+00 -3.9036e-01 -3.1125e+00 -2.7107e+00
82 +8.367220682e+05 +8.367220682e+05 +8.368925982e+05 +8.368925982e+05 -1.1638e+00 +1.1075e+00 +1.0626e+00 +2.2618e+00 -4.8015e-01 +5.6614e-01 -1.8754e+00 -1.7533e+00 -1.7656e+00 +2.4242e+00 -6.5336e-01 +3.7082e-02 -5.1021e-01 +3.2456e-01 +8.3207e-01 +7.6018e-02 -5.8369e-01 +7.5282e-01 -3.3957e+00 -3.2000e+00
193 +6.283945428e+05 +6.283945428e+05 +6.285650728e+05 +6.285650728e+05 -1.4223e+00 -3.6294e-01 +1.0554e+00 +1.6136e+00 -9.8081e-01 +5.6915e-01 -1.8761e+00 -1.4343e+00 -9.5873e-01 +2.3323e+00 -6.5792e-01 +1.0082e-01 -5.6185e-01 +1.6615e-01 -5.3675e-02 +4.0101e-01 -2.3068e-01 -1.7871e-02 -3.4159e+00 -3.4743e+00
% function evaluation | noise-free fitness - Fopt (-5.893000000000e+01) | best noise-free fitness - Fopt | measured fitness | best measured fitness | x1 | x2...
1 +1.435411852e+07 +1.435411852e+07 +1.435405959e+07 +1.435405959e+07 -3.6105e+00 -3.5243e+00 +7.5268e-01 -9.2255e-01 +4.9589e+00 -4.5643e+00 +3.7660e+00 +1.7106e+00 -2.1445e+00 -4.4962e+00 -3.6990e-01 +3.8409e+00 -9.0725e-01 +4.9190e+00 +4.0468e+00 -3.8681e+00 -1.7427e+00 +4.6288e+00 -4.0296e+00 -5.6046e-01
4 +9.680405411e+06 +9.680405411e+06 +9.680346481e+06 +9.680346481e+06 +1.5553e+00 -1.7696e+00 +3.0161e+00 -9.9245e-01 -8.2686e-01 -4.4434e+00 -3.8906e+00 +3.1981e+00 +4.1618e+00 +4.6170e+00 +3.9629e+00 -2.3163e+00 +2.9730e+00 +4.0059e+00 +6.0271e-01 +4.7857e+00 +4.0028e+00 +1.4504e+00 -2.2428e+00 -2.2212e+00
17 +5.995752086e+06 +5.995752086e+06 +5.995693156e+06 +5.995693156e+06 +1.6411e+00 +3.1395e+00 -2.0917e+00 +3.6804e+00 -7.7060e-01 +2.8656e+00 -8.7908e-01 -1.2904e+00 +2.4400e+00 +1.9516e+00 +7.5735e-01 -2.6614e+00 +3.9753e+00 +4.3913e-01 +2.2889e+00 -3.7633e+00 -3.5367e-01 +6.6834e-01 -2.5091e+00 -1.2686e+00
42 +3.746536649e+06 +3.746536649e+06 +3.746477719e+06 +3.746477719e+06 +1.4547e+00 -2.4513e-01 -8.7147e-01 -3.8265e+00 +3.3257e-01 -2.0761e+00 -3.8325e+00 -6.8815e-01 -1.5021e+00 -3.0107e+00 +3.3198e+00 -4.8006e+00 -6.7412e-01 -7.0949e-01 +2.7560e+00 +5.6365e-01 -1.3686e+00 -2.2986e+00 -1.7312e-01 -1.3084e+00
52 +2.215539244e+06 +2.215539244e+06 +2.215480314e+06 +2.215480314e+06 +3.3018e+00 -2.7297e+00 +2.6785e+00 -1.1354e+00 +6.6348e-01 -9.1674e-01 -4.3592e+00 -1.3156e+00 +3.2655e+00 -1.0389e+00 +2.4174e+00 +7.9471e-01 -2.8905e+00 -1.6469e+00 +1.0494e+00 +3.8978e+00 -2.0073e+00 +1.9628e+00 -1.6039e+00 -3.8913e-01
89 +2.989993120e+05 +2.989993120e+05 +2.989403820e+05 +2.989403820e+05 +4.0648e+00 -1.5308e+00 +1.7570e+00 -1.0452e+00 -1.8286e-01 +6.1747e-01 -4.3071e+00 -4.0344e+00 +2.8342e+00 +1.6342e+00 +2.8215e+00 -1.2651e+00 -2.0481e+00 -9.3358e-01 +1.3142e+00 +2.8905e+00 -1.2517e+00 -2.3412e-01 -3.5738e-01 -3.2194e-01
172 +2.235258733e+05 +2.235258733e+05 +2.234669433e+05 +2.234669433e+05 +4.0648e+00 -1.5308e+00 +1.7570e+00 -1.0452e+00 -1.8286e-01 +6.1747e-01 -4.3071e+00 -4.0344e+00 +2.8342e+00 +1.6342e+00 +2.6196e+00 -1.2651e+00 -2.0481e+00 -9.3358e-01 +1.3142e+00 +2.8905e+00 -1.2517e+00 +5.9011e-01 -3.5738e-01 -3.2194e-01
336 +1.584313693e+05 +1.584313693e+05 +1.583724393e+05 +1.583724393e+05 +3.9832e+00 -1.5363e+00 +1.7575e+00 -1.1656e+00 -1.4733e-01 +6.0167e-01 -4.3062e+00 -3.4511e+00 +2.8077e+00 +1.4227e+00 +2.6071e+00 -1.2396e+00 -2.1137e+00 -9.9973e-01 +1.3263e+00 +2.5164e+00 -1.2565e+00 +3.0461e-01 -2.7929e-01 -7.5347e-02
% function evaluation | noise-free fitness - Fopt (1.869300000000e+02) | best noise-free fitness - Fopt | measured fitness | best measured fitness | x1 | x2...
1 +1.135019619e+07 +1.135019619e+07 +1.135038312e+07 +1.135038312e+07 +4.5965e+00 +1.8449e+00 -1.7247e+00 +3.4899e+00 -1.4903e+00 -1.4243e+00 -1.9785e-01 -2.8320e+00 -2.2937e+00 +2.5092e+00 +3.5448e+00 -3.2512e+00 -2.3776e+00 -3.6607e+00 +6.4316e-01 -2.8393e+00 +1.2243e+00 -7.4875e-01 -2.1061e+00 +3.4068e+00
7 +6.910849177e+06 +6.910849177e+06 +6.911036107e+06 +6.911036107e+06 -4.8914e+00 +3.5629e+00 -1.9634e+00 +1.7072e+00 -1.0012e+00 -4.7701e+00 -1.4460e+00 -9.7514e-01 -2.4475e+00 -8.1960e-01 -2.9421e+00 -4.4435e+00 -1.4419e+00 -4.1280e+00 -3.1913e+00 -1.0418e-01 -1.7791e-01 -4.2881e+00 +7.0996e-02 +2.4754e-01
19 +5.321928080e+06 +5.321928080e+06 +5.322115010e+06 +5.322115010e+06 -3.3603e+00 -4.3856e+00 -4.3873e+00 -7.5673e-02 +2.3768e+00 +4.2403e+00 +2.0924e+00 -4.9071e+00 +4.8729e+00 -4.9050e+00 +4.6389e+00 -1.9675e+00 +4.0077e+00 +4.6431e+00 +2.4923e+00 +2.9171e+00 -3.4131e+00 +2.7769e+00 -1.4391e+00 +1.1265e+00
46 +3.809303263e+06 +3.809303263e+06 +3.809490193e+06 +3.809490193e+06 -3.6122e+00 +1.8750e-01 -4.1535e+00 +1.6669e+00 +8.9638e-01 +3.1228e+00 +2.6136e+00 +1.0581e+00 +4.4087e+00 -3.0059e+00 +3.5993e+00 -7.6386e-01 +3.3648e+00 +2.7620e+00 +2.1458e+00 +2.2116e-01 -2.5319e+00 -3.0493e+00 -1.0384e+00 +7.2636e-01
69 +2.228334435e+06 +2.228334435e+06 +2.228521365e+06 +2.228521365e+06 +2.8894e+00 +1.5595e+00 +3.8977e-01 +1.1434e+00 +1.5531e+00 +3.6384e+00 +2.6744e+00 -7.8789e-01 +3.9827e+00 -3.7812e+00 +2.7793e+00 +3.6241e+00 +2.1702e+00 -1.9054e+00 +2.4851e+00 -8.5707e-01 -1.1444e+00 +2.9643e-01 -1.3351e+00 -4.5209e-01
82 +1.514672692e+06 +1.514672692e+06 +1.514859622e+06 +1.514859622e+06 +7.1520e-01 +1.0008e+00 +1.3433e+00 +4.7729e-01 +1.8558e+00 +2.8417e+00 +2.2917e+00 -1.5334e+00 +3.8188e+00 -3.4999e+00 +2.8863e+00 +3.2069e+00 +2.8778e+00 -1.6130e+00 +1.8666e+00 +1.4972e+00 -1.7027e+00 +6.6787e-01 -1.5399e+00 -2.1026e-01
414 +7.517362163e+05 +7.517362163e+05 +7.519231463e+05 +7.519231463e+05 -1.2880e+00 +1.1795e+00 -3.7385e+00 +3.9488e-01 +7.0998e-01 +3.7217e+00 +2.0838e+00 -1.4149e+00 +3.1464e+00 -3.5852e+00 +9.7363e-01 +5.0439e-01 +1.7809e+00 -1.2762e+00 +2.4575e+00 +2.2129e+00 -1.2362e+00 +9.8026e-02 -1.2000e+00 +3.0560e-01
% function evaluation | noise-free fitness - Fopt (-6.219900000000e+02) | best noise-free fitness - Fopt | measured fitness | best measured fitness | x1 | x2...
1 +3.950783947e+07 +3.950783947e+07 +3.950721748e+07 +3.950721748e+07 +5.8707e-01 +1.1863e+00 -2.0683e+00 +4.8174e+00 -8.4247e-01 +3.2991e+00 +4.6439e+00 +9.8769e-01 -3.1059e+00 +3.6627e+00 -1.2948e+00 +3.5325e+00 +1.5945e+00 +8.4266e-01 -1.6971e+00 +3.8383e+00 +9.7992e-01 +4.5652e+00 +4.4319e+00 -5.0799e-01
2 +8.730042031e+06 +8.730042031e+06 +8.729420041e+06 +8.729420041e+06 -6.1168e-01 -2.8177e+00 +2.9637e+00 +8.6419e-01 -3.7765e+00 -2.3573e+00 +1.6393e+00 +7.2057e-01 +2.0443e-01 +6.3099e-01 +3.6789e+00 +9.6253e-01 -2.4599e+00 +2.1987e-02 +3.5187e+00 -2.1092e+00 +2.6502e+00 -3.1311e+00 +2.5932e+00 -2.9734e+00
18 +4.708442402e+06 +4.708442402e+06 +4.707820412e+06 +4.707820412e+06 -2.7757e+00 -4.8555e+00 -3.3597e+00 -1.2610e+00 +2.0903e+00 +3.1822e+00 -6.2818e-01 +2.0736e+00 +3.0594e+00 -1.4643e+00 -2.8002e+00 +1.3448e+00 -2.9652e+00 +1.9331e-01 -1.3958e+00 -2.0896e+00 -4.0653e+00 -1.1306e+00 +1.2565e+00 -2.2972e+00
43 +2.851822060e+06 +2.851822060e+06 +2.851200070e+06 +2.851200070e+06 -2.7888e+00 +3.4386e-01 -2.9552e-01 -2.2877e+00 -3.9049e-01 +2.0139e+00 -6.5003e-01 +2.1436e+00 -4.2472e+00 -4.2623e-01 -3.2203e+00 +1.8610e+00 -2.7211e+00 -5.7120e-01 -1.7547e+00 -1.9907e+00 -4.1573e+00 -3.3661e+00 -2.3330e+00 -3.7957e+00
82 +9.718677203e+05 +9.718677203e+05 +9.712457303e+05 +9.712457303e+05 -2.6148e+00 -3.2158e+00 +2.0745e+00 -2.2635e+00 -1.5410e+00 -8.4614e-01 -6.0629e-01 +2.1058e+00 +1.1384e+00 -2.8469e-02 -1.0040e+00 +1.5824e+00 -2.7105e+00 -5.3184e-01 -1.6160e+00 -2.0284e+00 -2.1288e+00 -2.4406e+00 -4.3381e-01 -3.3916e+00
198 +6.004648747e+05 +6.004648747e+05 +5.998428847e+05 +5.998428847e+05 -2.7278e+00 -2.4523e-01 +1.2786e+00 -1.4503e+00 -9.5077e-01 +1.1292e+00 -3.2668e-01 +2.1674e+00 +1.6152e+00 +1.4128e-02 -2.6487e+00 +1.2957e+00 -2.8411e+00 -7.7725e-01 -1.6049e+00 -2.1168e+00 -2.7296e+00 -2.9130e+00 -6.0603e-01 -3.5660e+00
% function evaluation | noise-free fitness - Fopt (-8.133700000000e+02) | best noise-free fitness - Fopt | measured fitness | best measured fitness | x1 | x2...
1 +1.737081495e+07 +1.737081495e+07 +1.737000158e+07 +1.737000158e+07 +2.0080e+00 +3.9718e+00 -4.6281e+00 +4.1043e+00 +4.5964e+00 -3.1179e+00 -4.4151e+00 +3.2348e+00 -1.1879e+00 -3.8802e+00 -1.8232e+00 -1.2871e+00 +4.6473e+00 +1.6750e+00 -2.8335e-01 +3.2408e+00 +4.8978e+00 -2.4450e+00 -3.4522e+00 -5.3339e-01
2 +1.049444484e+07 +1.049444484e+07 +1.049363147e+07 +1.049363147e+07 -1.0235e+00 +4.9053e+00 -4.4314e+00 +4.7763e+00 +3.5694e+00 +3.5347e+00 +3.1977e+00 +6.0266e-01 +2.0411e+00 -1.9053e+00 +2.9922e+00 +2.9231e+00 -2.8579e+00 -4.1642e+00 +1.4268e+00 -2.1744e+00 +1.3228e-01 -2.1822e+00 -1.7822e+00 -3.9566e+00
18 +7.022108411e+06 +7.022108411e+06 +7.021295041e+06 +7.021295041e+06 +3.2088e+00 +3.5566e+00 +5.4802e-01 +1.9257e+00 +1.4424e+00 +4.2796e+00 -4.7197e+00 -3.9366e-01 +1.3576e+00 +2.0835e+00 -2.9901e-02 -5.2525e-01 -3.5990e+00 -4.5811e-01 +4.4008e+00 +3.0395e+00 -3.5066e+00 -2.1574e-01 -4.1697e+00 -1.2310e+00
28 +3.178276724e+06 +3.178276724e+06 +3.177463354e+06 +3.177463354e+06 +7.7328e-01 -1.6167e+00 +3.3992e+00 +2.1017e+00 +4.9667e+00 -4.0626e+00 -2.5033e-01 -1.2572e+00 -2.4895e+00 +8.5670e-01 -1.9965e+00 -9.4147e-01 -4.5224e+00 +4.8607e+00 -4.0692e+00 +5.5427e-01 -3.0138e+00 +1.7162e+00 -4.5415e+00 -1.6382e+00
63 +2.472301820e+06 +2.472301820e+06 +2.471488450e+06 +2.471488450e+06 +6.9018e-01 -2.2379e-01 -1.3513e+00 -2.1098e+00 +3.5590e+00 +2.7575e-01 -1.2694e+00 +1.2166e+00 -2.4918e+00 -2.6678e+00 -1.1777e+00 -2.7062e+00 -1.0983e+00 +3.1519e+00 -3.7942e+00 -2.2852e+00 -1.3735e+00 +2.0906e+00 -3.5066e+00 -1.3722e+00
82 +1.226288646e+06 +1.226288646e+06 +1.225475276e+06 +1.225475276e+06 +6.1757e-01 -7.4306e-01 +2.6825e-01 -1.2853e+00 +4.0858e+00 +3.5203e-01 -8.1793e-01 +1.0797e+00 -1.0896e+00 -1.3241e+00 -8.6750e-01 -2.1709e+00 -1.3982e+00 +2.9737e+00 -2.6734e+00 -2.0747e+00 -1.6437e+00 +2.0465e+00 -3.3896e+00 -1.9487e+00
% function evaluation | noise-free fitness - Fopt (-2.900000000000e-01) | best noise-free fitness - Fopt | measured fitness | best measured fitness | x1 | x2...
1 +3.494313797e+07 +3.494313797e+07 +3.494313768e+07 +3.494313768e+07 +3.0459e+00 -1.2182e+00 +1.9276e+00 +2.9140e+00 -3.3862e+00 -2.4640e+00 +1.8043e-01 +1.5458e-01 +4.3870e+00 -1.0898e+00 +4.9034e+00 +1.5546e+00 -7.5006e-01 +2.5048e+00 +2.7585e+00 -2.9060e+00 -4.4994e+00 -2.6073e+00 -3.0510e+00 +1.0517e+00
3 +2.074168304e+07 +2.074168304e+07 +2.074168275e+07 +2.074168275e+07 +4.1824e+00 +6.8375e-01 +4.4770e+00 -2.5921e+00 +2.7332e+00 +1.0600e+00 +4.7628e+00 -2.6221e+00 -1.7394e+00 -3.7237e+00 -2.9952e+00 +3.7122e+00 -4.1726e+00 +4.7312e+00 +2.9787e+00 +4.5490e+00 -1.5892e+00 -1.9113e+00 -1.4603e+00 +2.4939e+00
5 +1.371740546e+07 +1.371740546e+07 +1.371740517e+07 +1.371740517e+07 -3.2297e+00 +2.5892e+00 -2.0256e+00 +8.8407e-01 +5.8384e-01 +6.8779e-01 -3.7614e-01 -5.2310e-01 -1.3485e+00 -1.8259e+00 -5.8236e-01 -4.4564e+00 -3.5492e-02 +1.2736e+00 -2.0472e+00 -4.4104e+00 -3.9520e+00 -3.9667e-01 +1.9391e+00 +4.3246e+00
11 +9.515935355e+06 +9.515935355e+06 +9.515935065e+06 +9.515935065e+06 +2.2264e+00 +8.3099e-02 +7.7539e-02 -2.2916e+00 +4.0437e+00 +2.2888e-01 +3.9313e+00 +3.6792e-02 -4.2914e+00 +3.4851e+00 +4.8836e-02 -2.4764e+00 +1.6564e+00 -3.9447e+00 +5.3479e-01 +4.1412e+00 +2.8955e+00 -2.1861e+00 +4.6690e+00 +1.4154e+00
43 +5.511715280e+06 +5.511715280e+06 +5.511714990e+06 +5.511714990e+06 +3.9371e+00 +2.1178e+00 -7.8679e-01 -5.8599e-01 +2.7617e+00 -1.3888e+00 +4.5598e+00 -1.8861e+00 +1.3860e+00 -4.1676e+00 -3.0379e+00 +1.8481e+00 -4.6674e+00 +3.7735e+00 -3.5047e-01 -1.5578e-01 +2.0335e+00 -2.3342e-02 +3.3103e+00 +3.7817e+00
52 +2.617541271e+06 +2.617541271e+06 +2.617540981e+06 +2.617540981e+06 +3.0157e-01 +2.2192e+00 -1.6423e+00 +3.1921e+00 +2.6832e+00 +1.1328e+00 +1.6972e+00 -2.6859e+00 +2.6022e+00 -1.9852e+00 -3.3666e+00 +2.8825e+00 -1.6974e+00 -4.0649e+00 -3.7461e+00 -2.4286e+00 -8.4079e-02 +2.4378e+00 +3.8917e+00 +3.2854e+00
56 +1.299493247e+06 +1.299493247e+06 +1.299492957e+06 +1.299492957e+06 +1.8239e+00 -1.2339e+00 -3.7352e+00 -1.2826e-01 -9.8650e-03 +1.0296e+00 +1.5434e+00 -1.2073e+00 +3.8689e+00 -1.3364e+00 +2.5879e+00 +1.0619e+00 -2.5283e+00 -1.8932e+00 -1.5270e+00 +1.2947e+00 +3.4935e+00 +3.6649e+00 +4.6406e+00 +2.6923e+00
127 +4.785642366e+05 +4.785642366e+05 +4.785639466e+05 +4.785639466e+05 -7.4438e-01 -4.3417e-01 -3.6844e+00 -1.3461e-01 +1.2300e+00 +1.0282e+00 +1.5418e+00 -1.1969e+00 +3.6359e+00 -1.3863e+00 +2.4530e+00 +1.0062e+00 -2.5125e+00 -2.2761e+00 -1.6882e+00 +4.2396e-01 +3.5086e+00 +3.4382e+00 +3.2577e+00 +2.6218e+00
228 +3.593131442e+05 +3.593131442e+05 +3.593128542e+05 +3.593128542e+05 +3.8418e-01 -4.9718e-01 -2.2389e+00 -1.6588e-01 +1.3817e+00 +8.5336e-01 +1.5436e+00 -1.2238e+00 +3.8391e+00 -1.5205e+00 +2.3331e+00 +8.7334e-01 -2.3955e+00 -2.8052e+00 -2.0809e+00 +6.1317e-01 +3.0915e+00 +3.1597e+00 +3.7606e+00 +2.6108e+00
% function evaluation | noise-free fitness - Fopt (1.527800000000e+02) | best noise-free fitness - Fopt | measured fitness | best measured fitness | x1 | x2...
1 +1.119009991e+07 +1.119009991e+07 +1.119025269e+07 +1.119025269e+07 +1.1572e-01 +4.3185e+00 +3.3397e+00 +2.2166e+00 +2.5452e+00 -3.4567e+00 -4.2904e+00 +4.0863e+00 +1.1006e+00 -2.8173e+00 -3.5656e+00 -6.7259e-02 -2.8468e+00 -3.4536e+00 +2.9879e+00 -3.6564e+00 -9.7763e-01 +1.2781e+00 +2.9942e+00 -1.8219e-01
11 +5.734860529e+06 +5.734860529e+06 +5.735013309e+06 +5.735013309e+06 +3.7842e+00 -4.7363e+00 -4.4014e+00 +2.3447e+00 +2.2155e+00 -4.4333e+00 +3.0959e+00 -2.1118e-01 -3.9040e+00 +7.0790e-01 +3.5432e+00 -3.0027e+00 +8.9134e-01 -8.6470e-01 +6.5617e-01 +6.1238e-01 -3.2274e+00 -2.5053e+00 -7.3499e-01 +9.0062e-01
45 +3.842509729e+06 +3.842509729e+06 +3.842662509e+06 +3.842662509e+06 +7.3569e-02 +3.1741e+00 +2.6273e+00 +5.8688e-01 -8.5018e-01 +3.4092e+00 -3.5102e+00 -7.6783e-01 +2.2544e+00 -7.8030e-02 +3.4764e+00 +1.3066e+00 +1.6866e+00 +4.3706e-01 -8.9140e-01 +7.2457e-01 +3.1050e+00 -9.6277e-01 -8.9333e-01 +1.1099e+00
161 +2.346675120e+06 +2.346675120e+06 +2.346827900e+06 +2.346827900e+06 +2.6268e+00 -4.3209e-02 -2.4993e+00 +1.2791e+00 -2.1201e+00 -2.9644e-01 -1.8771e+00 +2.3150e+00 +5.6512e-01 -2.3196e+00 +1.8522e+00 -1.2341e+00 -1.6107e+00 -6.5407e-01 +2.9609e-01 +1.2612e+00 +6.0609e-01 -2.3441e-01 +1.3576e+00 +1.5690e+00
% function evaluation | noise-free fitness - Fopt (-2.003900000000e+02) | best noise-free fitness - Fopt | measured fitness | best measured fitness | x1 | x2...
1 +4.901045560e+07 +4.901045560e+07 +4.901025521e+07 +4.901025521e+07 +1.3471e+00 -1.7301e+00 +9.2535e-01 -2.9888e+00 +1.4923e+00 +4.9482e-01 -3.0921e+00 +9.9413e-01 -1.7191e+00 +3.7175e+00 +2.8060e+00 +3.1054e+00 -1.1333e+00 +1.2099e+00 +4.8833e+00 -1.0121e-01 +2.4423e+00 +2.3760e+00 -4.7671e+00 +2.0275e+00
2 +4.251642855e+06 +4.251642855e+06 +4.251442465e+06 +4.251442465e+06 +9.2518e-01 -4.1413e+00 +3.5531e+00 -1.8938e+00 -4.9365e+00 +1.4139e+00 -3.3073e+00 -1.0947e+00 -4.0690e+00 +3.2297e+00 +1.8538e+00 +2.2975e+00 +6.4525e-01 -2.9429e+00 -1.5877e-01 -4.7582e+00 -3.4218e+00 -2.8585e-01 +1.0060e+00 -3.0239e+00
10 +3.943979898e+06 +3.943979898e+06 +3.943779508e+06 +3.943779508e+06 -3.8640e+00 +3.5481e+00 +4.6839e+00 +4.3809e+00 -4.5133e+00 +2.5977e+00 -3.1873e+00 +2.4898e+00 -1.5464e+00 +3.2600e+00 +2.6322e+00 +7.5838e-01 -1.3831e+00 -4.4680e+00 -3.2895e+00 +4.6688e+00 +1.2502e+00 -3.9660e-02 +9.9900e-01 -4.1789e+00
42 +2.428684770e+06 +2.428684770e+06 +2.428484380e+06 +2.428484380e+06 +2.4403e-01 +1.9821e+00 +4.4998e+00 +3.1372e+00 -4.7277e+00 +2.5602e+00 -3.2089e+00 -6.5595e-01 -3.4801e+00 +3.2513e+00 +2.0317e+00 +1.1858e+00 -1.1619e+00 -3.0700e+00 -3.6057e-01 +2.4692e+00 -3.2509e+00 -6.7161e-02 +1.0025e+00 -3.6787e+00
51 +6.039562638e+05 +6.039562638e+05 +6.037558738e+05 +6.037558738e+05 +1.5385e+00 +1.6252e+00 +3.5559e+00 +3.8720e+00 -2.3714e+00 +3.1144e+00 +1.3893e+00 +1.5787e+00 -1.2414e+00 +3.3721e+00 +2.1332e-01 -4.3166e-01 -5.6841e-01 +2.9080e-01 -3.4034e+00 +3.6414e+00 -7.7045e-01 -1.6389e-01 +1.5560e+00 -2.6410e+00
208 +3.880838158e+05 +3.880838158e+05 +3.878834258e+05 +3.878834258e+05 -1.6218e+00 +1.5373e+00 +3.5423e+00 +3.8539e+00 -2.1836e+00 +2.2924e+00 -2.8185e-01 +1.5653e+00 -1.2404e+00 +2.8146e+00 +2.8611e-01 +1.6043e-01 -9.9211e-01 -1.8006e-01 -2.4773e+00 +3.5140e+00 -4.0802e-01 +3.3089e-01 +1.7050e+00 -2.8929e+00
% function evaluation | noise-free fitness - Fopt (4.385000000000e+01) | best noise-free fitness - Fopt | measured fitness | best measured fitness | x1 | x2...
1 +1.300286003e+07 +1.300286003e+07 +1.300290388e+07 +1.300290388e+07 +4.7559e+00 -1.2278e+00 -2.2386e+00 -2.3318e+00 -4.8376e+00 -2.4234e+00 +2.8819e+00 +2.4764e+00 +1.9616e-01 -2.6467e+00 +4.6924e+00 +1.8124e+00 -4.5630e+00 +1.3145e+00 -3.2260e+00 -2.0131e+00 -3.3763e+00 +1.2811e+00 +4.4499e+00 +3.9968e+00
4 +7.809839861e+06 +7.809839861e+06 +7.809883711e+06 +7.809883711e+06 -4.1280e+00 -4.6896e+00 -4.3313e+00 +2.6475e+00 -4.4305e+00 -4.2531e+00 +3.6791e+00 +2.8595e+00 -1.7816e+00 +1.1633e-01 -9.9359e-01 -2.6660e+00 -2.7686e+00 +3.2517e+00 +3.2331e-01 -1.9472e+00 +3.3503e+00 +3.9524e+00 +2.6138e+00 -1.5778e+00
5 +5.487366638e+06 +5.487366638e+06 +5.487410488e+06 +5.487410488e+06 +1.1046e+00 -2.3154e+00 +4.5431e+00 -1.0710e+00 +2.7243e+00 +6.5299e-01 -2.1688e+00 -7.2062e-01 +1.2745e-02 -4.3797e+00 -4.1622e+00 -2.2121e+00 -1.9644e+00 -3.1257e+00 -1.7650e+00 -1.2755e+00 -3.0323e+00 +2.0458e+00 +4.0478e+00 +2.7577e+00
27 +3.583656895e+06 +3.583656895e+06 +3.583700745e+06 +3.583700745e+06 +5.1687e-01 +5.5009e-01 -3.3854e-01 -4.0848e+00 +3.3208e+00 +2.3153e+00 +4.0095e+00 +2.9212e+00 +2.5773e+00 +2.3825e+00 +4.1480e-01 -2.7901e+00 +8.5186e-01 +1.4609e+00 -4.5335e+00 -2.7564e+00 +1.8494e+00 +3.8801e-01 +2.2971e+00 +1.0317e+00
65 +2.074213707e+06 +2.074213707e+06 +2.074257557e+06 +2.074257557e+06 -3.7670e+00 -5.3902e-01 -3.4776e+00 -3.2147e+00 +1.8900e+00 -1.7742e+00 +4.1032e+00 +2.3867e+00 +1.3875e+00 +1.1766e+00 -1.7146e+00 -2.4642e+00 +8.5495e-01 +3.4614e-01 -2.9586e+00 -1.9112e+00 +1.6176e+00 +3.5787e+00 +2.1542e+00 +1.0602e+00
78 +9.186560015e+05 +9.186560015e+05 +9.186998515e+05 +9.186998515e+05 +1.3935e+00 +7.9820e-01 +4.8022e-01 -2.3734e+00 +2.7335e+00 +1.1755e+00 +4.0272e+00 -9.7512e-01 +3.2415e+00 +1.2330e+00 +2.2470e+00 +2.5594e+00 -1.3026e+00 +2.6310e+00 -3.3554e+00 -4.0646e-01 +3.8773e-01 +2.0412e+00 +2.7571e+00 +9.0091e-01
93 +5.059250242e+05 +5.059250242e+05 +5.059688742e+05 +5.059688742e+05 -1.1823e+00 +8.1159e-01 +5.4261e-01 -2.6889e+00 +2.7878e+00 +9.7667e-01 +3.6696e+00 -8.9747e-01 +2.1219e+00 +3.6379e-01 +2.1652e+00 +2.1853e+00 +3.1279e-02 +2.2117e+00 +4.5917e-01 -5.5280e-01 -5.3411e-02 +1.8556e+00 +3.3739e+00 +2.9885e-01
128 +3.796389327e+05 +3.796389327e+05 +3.796827827e+05 +3.796827827e+05 -1.7412e+00 +3.6699e-02 +7.6572e-01 -4.9872e-01 +2.6178e+00 +1.0184e+00 +3.6934e+00 -6.2945e-01 +2.1530e+00 +1.1202e+00 +1.9675e+00 -1.7298e+00 +3.5771e-01 +1.9917e+00 +4.3716e-01 -7.9488e-01 +5.1205e-01 +1.9305e+00 +3.3740e+00 +1.0766e+00
175 +1.838343948e+05 +1.838343948e+05 +1.838782448e+05 +1.838782448e+05 +1.0943e-01 +3.9316e-01 +4.6385e-01 -1.6970e+00 +2.7872e+00 +1.1210e+00 +3.7080e+00 +4.8710e-01 +2.1999e+00 +1.4350e+00 +1.4882e+00 +2.1763e+00 -5.5534e-02 +2.0407e+00 +7.7582e-01 -7.4441e-01 -1.1241e-02 +2.4751e+00 +3.1294e+00 +5.8942e-01
201 +1.480568780e+05 +1.480568780e+05 +1.481007280e+05 +1.481007280e+05 +9.3394e-02 +4.1633e-01 +1.7982e-01 -2.2621e+00 +1.3444e+00 +1.1128e+00 +3.6809e+00 +3.8724e-01 +2.5858e+00 +1.4215e+00 +2.0407e+00 +1.9371e+00 -1.3833e-01 +2.0083e+00 +7.8820e-01 -7.6931e-01 -2.1175e-02 +2.4852e+00 +3.1415e+00 +7.2401e-01
