% function evaluation | noise-free fitness - Fopt (-1.694000000000e+01) | best noise-free fitness - Fopt | measured fitness | best measured fitness | x1 | x2...
1 +2.784526661e+01 +2.784526661e+01 +1.090526661e+01 +1.090526661e+01 +3.1122e+00 +3.1454e-01 -3.2995e+00 -1.0713e+00 -5.2896e-01 -1.6753e+00 -1.1193e+00 +1.4028e+00 +1.9224e+00 +1.9651e+00 +7.4743e-01 -3.1799e+00 -2.1893e+00 +1.2881e+00 +3.1314e+00 -1.5178e-01 -2.1963e+00 +2.3121e+00 -9.5877e-01 -3.2294e+00
30 +1.968114574e+01 +1.968114574e+01 +2.741145738e+00 +2.741145738e+00 +2.4277e+00 -1.1844e+00 +3.0388e-01 -1.2751e+00 +4.4724e+00 +3.4197e+00 +2.5986e+00 +3.0691e+00 +9.9313e-01 -2.2561e+00 +3.2049e-01 +7.3299e-01 -3.1261e+00 -3.7200e+00 -3.5905e-01 +2.4327e+00 -5.4367e-01 -1.8876e+00 -1.3550e+00 -4.8130e+00
43 +1.377829107e+01 +1.377829107e+01 -3.161708933e+00 -3.161708933e+00 +4.3306e+00 -2.6801e+00 +1.0857e+00 -5.9119e-01 +1.7180e+00 +4.8771e-01 +7.3161e-01 -4.8868e-01 -7.4185e-01 -2.0247e+00 +4.2029e-01 +1.7204e+00 -2.0453e+00 -8.2929e-01 +3.0955e-01 +2.7977e+00 +7.8377e-01 -2.2703e+00 +2.4451e+00 -1.6294e+00
101 +9.533391228e+00 +9.533391228e+00 -7.406608772e+00 -7.406608772e+00 +4.3306e+00 -2.6801e+00 +1.0857e+00 -5.9119e-01 +1.7180e+00 +4.8771e-01 +7.3161e-01 -4.8868e-01 -7.4185e-01 -2.0247e+00 +4.2029e-01 +1.7204e+00 -2.0453e+00 -2.3013e+00 +3.0955e-01 +2.7977e+00 +7.8377e-01 -2.2703e+00 +2.4451e+00 -1.6294e+00
% function evaluation | noise-free fitness - Fopt (1.881000000000e+01) | best noise-free fitness - Fopt | measured fitness | best measured fitness | x1 | x2...
1 +8.822986539e+01 +8.822986539e+01 +1.070398654e+02 +1.070398654e+02 +4.7450e-01 -4.1478e+00 -7.5161e-01 +4.6062e+00 +2.0693e+00 +4.4354e+00 +2.9543e+00 +2.9534e+00 +4.8120e+00 +6.1505e-01 +3.2999e+00 -4.3842e+00 -3.5297e+00 +4.2498e+00 -4.6476e+00 +4.2647e+00 -8.9750e-01 +2.0263e+00 +1.1928e+00 -4.3621e+00
2 +3.846574157e+01 +3.846574157e+01 +5.727574157e+01 +5.727574157e+01 +2.3015e+00 -4.3777e+00 -4.3647e+00 +3.8944e+00 -9.8245e-01 +3.7517e-01 +3.1400e+00 +4.5119e+00 -1.5443e+00 +2.9435e+00 +4.5705e+00 +1.3876e+00 +4.8153e+00 +2.7147e+00 -3.6896e-01 -2.3301e+00 +3.7178e+00 +1.1572e+00 -4.4067e+00 +3.5130e+00
5 +2.040966524e+01 +2.040966524e+01 +3.921966524e+01 +3.921966524e+01 +4.2640e+00 -1.9284e+00 +4.1058e+00 -8.5347e-01 -2.0329e+00 +3.6434e+00 +3.7017e-01 -8.1934e-01 -1.7805e+00 +6.9867e-01 -1.8519e+00 +2.3741e+00 -5.1860e-01 -6.2851e-01 -9.4869e-01 +1.8265e-01 -1.4437e+00 +3.8552e-01 +1.8305e+00 +4.9064e+00
43 +1.517184686e+01 +1.517184686e+01 +3.398184686e+01 +3.398184686e+01 -3.1432e+00 +7.5557e-01 +1.9659e+00 -1.4014e-01 +2.2866e+00 +1.5115e+00 +7.0457e-01 -2.6726e+00 +2.0499e+00 -5.9097e-01 +9.7293e-01 +2.4859e+00 -3.1275e-01 -3.8104e-01 -1.9821e+00 -1.4846e+00 -1.1544e+00 +1.7330e+00 -6.6358e-03 -1.1627e+00
102 +9.321325290e+00 +9.321325290e+00 +2.813132529e+01 +2.813132529e+01 -1.8043e+00 -1.1243e+00 +3.9421e+00 +1.7562e-01 +2.4917e+00 +7.1677e-01 +1.6377e+00 -1.2240e+00 -2.7844e+00 +1.0849e+00 +8.7376e-01 +1.1025e+00 -4.4425e-01 -3.0023e+00 -1.5791e+00 -7.5512e-01 -1.4975e+00 -4.6260e-01 +9.8415e-01 +1.8185e+00
352 +6.234931438e+00 +6.234931438e+00 +2.504493144e+01 +2.504493144e+01 -1.7749e+00 -1.1841e+00 +1.8139e+00 +4.5506e-01 +2.0885e+00 +7.2863e-01 +1.5564e+00 -1.0828e+00 -3.5852e+00 +1.1004e+00 +4.9471e-01 +1.7975e+00 -1.8981e-01 -2.6597e+00 -1.3942e+00 -1.0106e+00 -1.6836e+00 -4.9959e-01 +1.1329e+00 +1.6370e+00
% function evaluation | noise-free fitness - Fopt (2.731500000000e+02) | best noise-free fitness - Fopt | measured fitness | best measured fitness | x1 | x2...
1 +1.196901186e+02 +1.196901186e+02 +3.928401186e+02 +3.928401186e+02 +3.0192e+00 +5.6869e-01 +5.3822e-02 +4.5518e+00 -1.1236e+00 +1.9901e+00 -3.7807e+00 -3.5801e+00 +4.8248e+00 +4.2539e+00 +8.7103e-01 +3.9101e+00 +7.2632e-01 -4.4817e+00 +2.3100e+00 +4.0990e+00 +1.4069e+00 +4.9583e+00 +1.3238e+00 -2.1134e+00
2 +3.620098269e+01 +3.620098269e+01 +3.093509827e+02 +3.093509827e+02 -4.9196e+00 +3.1480e+00 +4.3808e+00 -1.2907e+00 +4.4469e+00 -8.5951e-01 -1.3998e+00 -2.3425e+00 -3.6406e+00 -4.5163e+00 +2.0765e+00 +2.8012e+00 +4.4772e+00 -2.3446e+00 +2.7485e+00 -3.4555e+00 +4.0913e+00 +1.9559e-01 -5.8682e-01 -2.3911e+00
38 +1.638211775e+01 +1.638211775e+01 +2.895321177e+02 +2.895321177e+02 +6.3646e-01 -6.1526e-01 -4.2594e+00 +4.1150e+00 +2.4136e+00 -4.9884e+00 +1.7208e+00 +8.8589e-01 -4.6793e+00 +4.6382e+00 -2.0963e+00 +4.8971e+00 -1.6030e+00 -1.8353e+00 +3.6523e+00 +2.3123e+00 +4.5283e+00 -2.9953e+00 +2.8594e+00 -3.1219e+00
42 +8.915013241e+00 +8.915013241e+00 +2.820650132e+02 +2.820650132e+02 -3.6529e+00 +1.4648e+00 -2.6735e+00 +3.4606e+00 +2.8143e+00 -1.8304e+00 +1.3199e+00 -5.1310e-01 -4.0930e+00 +1.4898e+00 -1.7806e+00 +2.9177e+00 +2.8431e+00 -1.9174e+00 +3.5040e+00 -2.9480e+00 +4.4282e+00 -1.3876e+00 -4.7103e-01 -2.4877e+00
193 +6.263601205e+00 +6.263601205e+00 +2.794136012e+02 +2.794136012e+02 -3.7708e+00 +1.4652e+00 -2.0495e+00 +3.1915e+00 +2.4716e+00 -3.3956e+00 +1.4648e+00 -8.4022e-01 -1.2596e+00 +2.2186e+00 -1.1451e+00 +3.0908e+00 +1.3507e+00 -1.3149e+00 +2.6512e+00 -2.3710e+00 +4.1499e+00 -1.1199e+00 +1.1645e+00 -1.5758e+00
806 +3.980843494e+00 +3.980843494e+00 +2.771308435e+02 +2.771308435e+02 -3.6287e+00 +1.4057e+00 -2.1764e+00 +3.0795e+00 +2.4607e+00 -3.3239e+00 +1.1203e+00 -9.2690e-01 -1.3161e+00 +2.3307e+00 -1.1116e+00 +3.0493e+00 +9.7045e-01 -1.2913e+00 +2.8283e+00 -2.4861e+00 +4.1579e+00 -1.8601e+00 +1.1229e+00 -1.6677e+00
% function evaluation | noise-free fitness - Fopt (3.718000000000e+01) | best noise-free fitness - Fopt | measured fitness | best measured fitness | x1 | x2...
1 +1.931527254e+01 +1.931527254e+01 +5.649527254e+01 +5.649527254e+01 +3.8196e+00 -3.6128e+00 -2.3922e+00 -2.9348e+00 -4.4620e+00 +1.0219e+00 -5.8882e-01 -3.5419e+00 +1.2903e+00 -3.7454e-01 +1.9207e+00 +4.2510e+00 -1.8131e+00 -2.1326e+00 +1.4225e+00 +3.7009e+00 +1.6547e+00 +4.3596e+00 -3.5038e+00 -2.2184e-01
40 +1.409209896e+01 +1.409209896e+01 +5.127209896e+01 +5.127209896e+01 -2.7607e-01 -3.0285e+00 -3.3652e+00 -2.1437e+00 +3.3079e+00 -5.2923e-01 +1.3308e+00 +2.0430e+00 -1.3161e+00 +2.2409e+00 +2.1687e+00 +1.7666e+00 -3.5303e-01 -4.1565e+00 +3.8542e+00 +4.6348e+00 +1.3095e+00 -3.3846e-01 -1.4036e+00 -1.7249e+00
121 +8.189687926e+00 +8.189687926e+00 +4.536968793e+01 +4.536968793e+01 +7.0299e-01 -3.1253e-02 -1.9303e+00 -2.3457e+00 -8.8027e-01 +2.2055e+00 +5.7937e-01 -4.9633e-01 -1.1638e+00 +1.7179e+00 +2.2401e+00 +7.9179e-01 -1.0195e+00 -2.7905e+00 +3.1373e+00 +3.2721e+00 +1.2262e+00 -8.8706e-02 +2.9606e-01 -2.6658e-01
% function evaluation | noise-free fitness - Fopt (-1.479000000000e+02) | best noise-free fitness - Fopt | measured fitness | best measured fitness | x1 | x2...
1 +2.145280541e+01 +2.145280541e+01 -1.264471946e+02 -1.264471946e+02 +2.1505e+00 -2.9772e+00 -3.9256e+00 +3.5766e+00 -2.1265e+00 -1.3798e+00 +4.2662e+00 +4.7872e+00 +1.3662e+00 +3.5998e+00 -3.6637e+00 -4.9808e+00 +2.8645e+00 +2.5799e+00 -8.7149e-01 +1.3867e+00 +3.5894e+00 -1.4559e-01 -4.2620e+00 -2.2678e+00
2 +1.367511598e+01 +1.367511598e+01 -1.342248840e+02 -1.342248840e+02 -3.1090e+00 +3.3603e+00 +5.0462e-01 -1.6785e+00 -3.3749e+00 +4.3181e-01 -3.0618e+00 -1.0278e+00 -1.0056e+00 +4.1790e+00 +1.5372e+00 -3.3586e+00 +2.7135e+00 -1.9677e+00 +6.2396e-01 +2.3435e+00 +8.5517e-01 -1.8821e+00 +5.5664e-01 -4.3453e+00
52 +9.118583217e+00 +9.118583217e+00 -1.387814168e+02 -1.387814168e+02 -1.2561e+00 +2.2263e-01 -1.2552e+00 -8.4067e-01 +9.3128e-01 +1.8701e+00 -9.6493e-01 -1.0347e+00 -5.5002e-01 +3.5027e+00 -2.1036e+00 +1.2710e+00 -1.3638e+00 -3.3738e+00 +1.6119e+00 +3.2148e+00 +1.1927e+00 -7.4220e-01 -1.3585e+00 -8.9829e-01
% function evaluation | noise-free fitness - Fopt (-1.621700000000e+02) | best noise-free fitness - Fopt | measured fitness | best measured fitness | x1 | x2...
1 +1.861016721e+01 +1.861016721e+01 -1.435598328e+02 -1.435598328e+02 -3.9327e+00 -1.1079e+00 -3.8578e+00 +8.6188e-01 -4.0739e+00 +3.2793e+00 +1.4541e+00 +4.4758e+00 -2.4068e+00 +2.1012e+00 +3.0230e+00 +2.1378e+00 +2.6162e+00 -1.8047e-01 +1.3585e+00 +3.1705e+00 -3.7775e-01 +3.2055e+00 +3.7999e+00 +2.9415e+00
3 +1.550938040e+01 +1.550938040e+01 -1.466606196e+02 -1.466606196e+02 -1.9113e-01 -5.2231e-01 -1.4211e+00 +2.3125e+00 +3.8356e+00 +1.9396e-01 -3.5933e+00 +3.2114e-01 +3.8132e+00 +1.7245e-01 -3.6944e+00 -8.5551e-01 -2.0003e+00 -1.3905e+00 -4.4267e+00 -1.6501e+00 -1.1681e+00 +2.7113e+00 -4.4929e+00 -4.6043e+00
73 +9.614548914e+00 +9.614548914e+00 -1.525554511e+02 -1.525554511e+02 +4.8598e-01 -6.0367e-01 -1.3131e+00 +2.0861e-01 +2.1226e+00 +9.2316e-02 +2.3592e+00 +1.1035e+00 +3.2214e+00 +1.0081e+00 -2.1875e+00 +1.4825e+00 -1.5231e+00 -7.0710e-01 -3.4202e+00 +8.5061e-01 -1.4680e+00 +1.3575e+00 -4.3242e+00 -4.2040e+00
1126 +6.306671395e+00 +6.306671395e+00 -1.558633286e+02 -1.558633286e+02 -1.9844e+00 -1.0886e+00 -2.0019e+00 -5.5784e-01 -1.5070e+00 -1.7924e-01 -1.0348e+00 +1.2176e+00 +3.2399e+00 +4.7760e-01 -1.6838e+00 -9.5612e-02 +3.7986e-01 -2.3241e+00 -3.5042e+00 -1.1645e+00 +9.3453e-01 +2.1439e+00 -3.3372e+00 -2.1550e+00
% function evaluation | noise-free fitness - Fopt (-3.348000000000e+01) | best noise-free fitness - Fopt | measured fitness | best measured fitness | x1 | x2...
1 +2.596174774e+01 +2.596174774e+01 -7.518252257e+00 -7.518252257e+00 +4.1198e+00 -3.4596e+00 +3.0041e+00 +3.1491e+00 +3.7132e+00 -4.1872e+00 +3.9459e+00 +2.9350e+00 -1.6255e-01 +3.9320e+00 -4.4154e+00 +8.6577e-01 -4.1858e+00 -1.4335e+00 +5.9085e-01 -2.8204e+00 +2.0250e+00 +1.1968e+00 +4.2071e+00 +8.8216e-02
5 +1.476917514e+01 +1.476917514e+01 -1.871082486e+01 -1.871082486e+01 -1.6701e+00 -2.9664e+00 +3.3524e+00 -4.7963e-01 +1.4011e+00 +2.8868e+00 +1.8662e+00 +4.7424e+00 -2.0625e+00 -1.3329e+00 +4.3261e+00 +1.0347e+00 +1.9902e+00 +1.7910e+00 -3.9106e+00 -1.9206e+00 +2.2641e-01 +2.9191e+00 +2.8214e+00 +1.5462e-01
53 +9.589845853e+00 +9.589845853e+00 -2.389015415e+01 -2.389015415e+01 -1.0778e-02 -1.5985e+00 -5.9272e-01 +4.3314e-01 +3.5184e+00 -2.9070e+00 -3.4704e+00 -1.0167e-02 +2.0848e+00 +2.5552e+00 -1.9108e+00 -4.6387e+00 -1.5197e+00 -3.1342e+00 -1.3884e+00 +1.3216e+00 +4.6700e+00 +2.5740e+00 -2.7383e+00 +1.4151e+00
331 +6.263005660e+00 +6.263005660e+00 -2.721699434e+01 -2.721699434e+01 +6.3877e-01 -8.9306e-01 -2.0722e-01 +1.7909e+00 +3.5732e+00 -3.5203e+00 -2.7038e+00 -1.1226e+00 +2.2445e+00 +1.9855e+00 -1.5495e+00 -4.3357e+00 -1.2864e+00 -2.8333e+00 -1.0479e+00 +1.2982e+00 +2.3144e+00 +1.8987e+00 -2.7339e+00 +3.8740e-01
% function evaluation | noise-free fitness - Fopt (3.093400000000e+02) | best noise-free fitness - Fopt | measured fitness | best measured fitness | x1 | x2...
1 +3.190738320e+01 +3.190738320e+01 +3.412473832e+02 +3.412473832e+02 +9.3414e-01 +4.3282e+00 +2.3519e+00 -3.1274e+00 -3.9499e+00 +3.4298e+00 +3.1110e+00 +8.4746e-01 +3.4304e+00 +1.3605e+00 +3.2738e+00 +4.0858e+00 +4.0459e+00 -1.6263e-01 +2.5254e+00 +1.8434e+00 -9.4400e-01 +1.4066e+00 +1.1573e+00 -2.3987e+00
2 +2.435649968e+01 +2.435649968e+01 +3.336964997e+02 +3.336964997e+02 +4.5712e+00 -3.7123e+00 -4.5522e+00 +3.9930e+00 +3.5206e+00 -2.8660e+00 +1.5275e+00 +3.0522e-01 +4.6534e+00 -3.5230e+00 -4.0531e+00 +4.8759e+00 -2.3603e+00 +3.5865e+00 -2.0134e+00 -1.9949e+00 -3.7557e+00 -2.4510e+00 +2.1907e+00 -3.3428e+00
74 +1.578844329e+01 +1.578844329e+01 +3.251284433e+02 +3.251284433e+02 +1.2371e+00 +1.4453e+00 +1.2186e+00 +1.2470e+00 +1.1847e+00 +2.9328e+00 -2.2698e+00 -3.9835e-02 -1.8716e+00 +4.3805e+00 -2.7420e+00 -1.1768e+00 -2.4027e+00 +1.1882e+00 +4.7691e-01 -2.6942e+00 +1.4422e+00 -2.3925e+00 +1.4109e+00 -5.6319e-01
214 +9.734129281e+00 +9.734129281e+00 +3.190741293e+02 +3.190741293e+02 +3.7448e+00 +2.8921e+00 +2.5257e+00 -1.0740e+00 -5.5343e-01 +2.2056e+00 -4.9826e-01 +2.6643e+00 -2.0947e-02 +1.3687e+00 -1.7328e+00 +5.4741e-01 -1.0020e+00 -4.0406e-01 +1.0039e+00 -1.1694e+00 -2.0154e+00 +1.3621e+00 -3.1579e-02 +2.3403e+00
% function evaluation | noise-free fitness - Fopt (-1.318000000000e+02) | best noise-free fitness - Fopt | measured fitness | best measured fitness | x1 | x2...
1 +5.195974152e+01 +5.195974152e+01 -7.984025848e+01 -7.984025848e+01 -4.6960e+00 -1.7362e+00 +4.9349e+00 +2.9103e+00 +3.1069e+00 -2.7945e+00 +3.0054e+00 +2.9587e+00 -4.1043e+00 -3.0503e+00 -4.1925e+00 +2.7351e+00 +3.9705e+00 -2.4420e+00 -3.8164e+00 +3.5462e+00 +7.1245e-03 -3.1926e+00 -1.2105e+00 +4.8494e+00
3 +1.647374130e+01 +1.647374130e+01 -1.153262587e+02 -1.153262587e+02 -2.0994e+00 +4.8179e+00 +1.1055e+00 +3.6168e+00 -2.6716e+00 -9.3152e-01 +4.8285e+00 +4.2784e+00 -1.7731e+00 -2.9048e+00 -4.2842e+00 -4.3994e+00 -2.7064e+00 -2.2610e+00 -4.1152e+00 -4.6862e+00 +1.0965e+00 -2.7188e+00 +3.3559e+00 +2.4255e+00
11 +1.404155151e+01 +1.404155151e+01 -1.177584485e+02 -1.177584485e+02 +1.0268e+00 -8.8874e-01 +1.1182e+00 +4.8254e+00 -5.9089e-01 +8.0046e-01 -3.7903e+00 +3.0404e+00 +3.3457e-01 +1.5853e+00 +2.6771e+00 -5.0990e-01 +3.0414e+00 +1.8224e+00 -2.5613e-01 +1.2877e+00 +3.1916e+00 -3.3410e+00 -3.5218e+00 +3.5965e+00
94 +9.547490580e+00 +9.547490580e+00 -1.222525094e+02 -1.222525094e+02 -1.3555e+00 -2.4721e+00 -2.6377e+00 +3.0592e+00 -1.5153e+00 -1.1128e+00 +1.1395e+00 +1.7039e+00 -1.2111e+00 +1.2770e+00 +1.5637e+00 -6.9183e-01 +1.5934e+00 +9.5708e-01 -2.2094e+00 -9.4188e-01 +2.4842e+00 +3.1302e-01 -1.6695e+00 +2.3533e-01
% function evaluation | noise-free fitness - Fopt (-1.982400000000e+02) | best noise-free fitness - Fopt | measured fitness | best measured fitness | x1 | x2...
1 +8.708366697e+01 +8.708366697e+01 -1.111563330e+02 -1.111563330e+02 -1.6907e+00 +8.3697e-01 +4.0468e+00 +4.9108e+00 -1.6068e-01 +3.0873e-01 -4.3904e+00 -2.3528e+00 -1.3971e+00 +3.3341e+00 +2.4154e+00 -1.5586e+00 -2.4911e+00 +3.4988e+00 -5.2717e-02 -1.7861e+00 +2.6130e+00 +4.7441e+00 +3.4196e+00 +1.6964e+00
3 +6.181269407e+01 +6.181269407e+01 -1.364273059e+02 -1.364273059e+02 -1.4423e+00 -1.5743e+00 +5.6374e-01 +4.5980e-01 -3.4130e+00 -3.3857e+00 +8.7307e-01 +4.0972e+00 -2.3165e+00 +1.5325e+00 -4.7057e+00 +2.7204e+00 +3.0399e+00 -3.0211e+00 +4.6228e+00 -4.4132e+00 +2.5960e-01 -8.2308e-02 -3.8346e+00 -1.6370e+00
5 +3.253807040e+01 +3.253807040e+01 -1.657019296e+02 -1.657019296e+02 +1.6366e+00 -4.6239e+00 +1.0314e+00 +3.0983e+00 -2.7181e+00 +4.0368e+00 -4.7096e-01 -1.6627e+00 +3.8086e+00 +3.9757e+00 +4.2753e+00 +2.2137e-01 -3.5280e+00 +1.0933e+00 -3.2238e+00 +4.1044e+00 +2.9154e+00 -1.9118e+00 -5.2362e-01 -1.9002e+00
12 +1.659886680e+01 +1.659886680e+01 -1.816411332e+02 -1.816411332e+02 +4.3614e+00 +2.8950e+00 +3.8485e+00 +4.7774e+00 -4.5148e+00 +1.3915e+00 -4.0087e+00 -3.0318e+00 -8.0732e-01 -3.0233e-01 +1.3908e+00 -2.9081e+00 -9.9575e-01 +4.8841e+00 +7.6277e-01 +1.0884e+00 -4.7257e+00 -4.7363e+00 +3.1411e-01 -1.2787e+00
25 +1.182275924e+01 +1.182275924e+01 -1.864172408e+02 -1.864172408e+02 +4.7461e+00 +4.4531e+00 +2.8529e+00 -2.1324e+00 -3.7376e+00 -4.4463e+00 -3.3439e+00 +1.4925e+00 -1.1843e+00 +2.9756e+00 +1.0838e+00 +1.2174e+00 -4.3324e+00 +3.1328e+00 -2.2117e+00 +1.3835e+00 +2.5101e+00 -3.1181e+00 -4.6809e+00 -2.3966e+00
55 +9.886629301e+00 +9.886629301e+00 -1.883533707e+02 -1.883533707e+02 +4.1671e+00 +2.7180e-01 +1.7574e+00 -4.9021e-01 -3.1489e+00 -3.4307e+00 -3.8074e+00 +1.8333e-01 -1.5058e+00 +3.0891e+00 +1.0461e+00 +9.2217e-01 -8.0890e-01 +2.5377e+00 -3.9183e+00 +1.0897e+00 +1.4210e-01 -1.4575e+00 -1.0017e+00 +1.7664e+00
125 +6.272685215e+00 +6.272685215e+00 -1.919673148e+02 -1.919673148e+02 +4.4205e+00 +3.6522e+00 +2.7324e+00 -1.5057e+00 -1.1910e+00 -1.2781e+00 -7.6112e-01 +1.9060e+00 -8.3633e-01 +2.1525e+00 +2.9709e+00 -8.4252e-01 -3.5743e+00 +3.1434e+00 -5.5407e-01 +1.1248e+00 +8.0322e-01 -3.0202e+00 -1.3863e+00 -1.4905e+00
% function evaluation | noise-free fitness - Fopt (-6.470000000000e+00) | best noise-free fitness - Fopt | measured fitness | best measured fitness | x1 | x2...
1 +3.133000036e+01 +3.133000036e+01 +2.486000036e+01 +2.486000036e+01 -2.0211e+00 +5.8333e-01 +3.0906e+00 -1.7125e+00 +3.3117e+00 +4.5648e+00 -2.6453e-01 -4.3102e+00 +1.9127e+00 +5.6642e-01 -2.4718e+00 -2.3759e+00 +2.7313e+00 +3.5768e+00 -4.2280e+00 -4.2255e+00 +3.1482e+00 -1.2626e+00 -1.5311e+00 -2.9495e-01
5 +2.435042797e+01 +2.435042797e+01 +1.788042797e+01 +1.788042797e+01 -2.9405e+00 +1.9553e+00 -4.6878e-01 -2.8917e+00 -1.3457e+00 +4.8442e+00 -2.3433e+00 -3.9371e+00 -1.1184e+00 -4.8107e+00 -2.7920e+00 -1.4046e+00 -8.1955e-01 -6.5242e-01 +5.5883e-01 -3.6801e+00 -4.4794e+00 -7.4141e-01 -3.1378e+00 -2.4230e+00
35 +1.271590198e+01 +1.271590198e+01 +6.245901981e+00 +6.245901981e+00 -3.3416e+00 +1.1906e+00 -1.9319e+00 +1.0107e+00 -1.4639e+00 -4.3775e+00 -2.6155e+00 +3.9805e+00 +1.3936e+00 -1.2105e+00 +4.2570e+00 -4.7384e+00 -1.1210e+00 +1.7638e+00 +4.8436e+00 -2.9672e+00 -3.7808e+00 +3.0989e-01 +2.3656e+00 -9.7106e-01
189 +9.276403917e+00 +9.276403917e+00 +2.806403917e+00 +2.806403917e+00 -1.3627e+00 +2.1380e+00 -1.3319e+00 +1.2442e+00 +1.8439e-01 -2.8735e+00 -2.6200e+00 +3.8313e+00 +1.5823e+00 -1.1516e+00 +4.2574e+00 -4.5641e+00 -2.1151e+00 +1.7458e+00 +2.0335e+00 -2.8571e+00 -2.9699e+00 +4.9534e-01 +1.3747e+00 -1.1558e+00
% function evaluation | noise-free fitness - Fopt (2.055300000000e+02) | best noise-free fitness - Fopt | measured fitness | best measured fitness | x1 | x2...
1 +1.998783445e+01 +1.998783445e+01 +2.255178345e+02 +2.255178345e+02 -2.6669e+00 +1.8946e+00 +4.7189e+00 -2.5650e+00 -2.8278e+00 +3.9386e+00 +4.0429e+00 -7.9834e-01 +2.1436e+00 +2.0333e+00 -2.8384e+00 +3.1047e+00 +1.2552e+00 -2.5653e+00 +9.4958e-02 -3.6887e+00 +4.6346e+00 -3.5160e+00 -1.1640e+00 -4.5775e+00
19 +1.488771744e+01 +1.488771744e+01 +2.204177174e+02 +2.204177174e+02 -3.0422e+00 -3.4511e-01 +7.2727e-01 +1.2914e+00 +3.4257e+00 +4.0515e+00 +1.0055e+00 -1.7638e+00 -2.2241e+00 +2.4178e+00 -2.4513e+00 +1.5574e+00 -4.1467e+00 -3.8506e+00 -2.4365e+00 -2.9214e-01 -4.6330e+00 -4.2742e+00 -1.9951e+00 -6.7447e-01
107 +9.886898043e+00 +9.886898043e+00 +2.154168980e+02 +2.154168980e+02 -2.0754e+00 -1.5197e+00 -4.4607e+00 -1.3544e+00 +2.0767e+00 -1.0270e+00 +1.7286e+00 +5.0008e-01 -1.8487e+00 +2.9968e-01 -1.5376e+00 -1.4737e+00 -4.4687e-01 -9.0734e-01 -2.9353e+00 -3.4876e-01 +6.9760e-01 -2.6753e+00 +4.5776e-01 -4.0725e-01
612 +6.299322587e+00 +6.299322587e+00 +2.118293226e+02 +2.118293226e+02 -1.5993e+00 -2.1407e+00 -2.3192e-01 -1.0944e+00 +2.7370e-01 -1.2005e+00 +1.7612e+00 +6.1966e-01 -1.4991e+00 -2.7996e-01 -1.6092e+00 -1.3494e+00 +9.8422e-01 -2.0104e+00 -2.6183e+00 -1.6280e+00 +7.7269e-01 -3.2391e+00 -1.8455e-01 +1.4225e+00
% function evaluation | noise-free fitness - Fopt (1.000000000000e+03) | best noise-free fitness - Fopt | measured fitness | best measured fitness | x1 | x2...
1 +6.131506094e+01 +6.131506094e+01 +1.061315061e+03 +1.061315061e+03 -4.8400e-02 +1.2862e+00 +2.4721e+00 +2.7120e+00 -3.6756e+00 -4.3823e+00 +3.1858e+00 +1.8913e-01 -2.8945e+00 -1.5527e+00 -3.1520e+00 +4.7728e+00 +5.8729e-01 -3.0395e+00 +7.8831e-01 +1.4953e+00 -2.9380e+00 +1.2265e+00 +2.6383e+00 +1.1535e+00
2 +3.749008680e+01 +3.749008680e+01 +1.037490087e+03 +1.037490087e+03 -2.5279e+00 -4.8494e+00 +3.1513e+00 +4.0146e+00 -3.6680e+00 -4.0774e+00 -2.4803e+00 +2.0694e+00 -2.1381e+00 -1.7396e+00 -3.9651e+00 -1.6432e+00 -3.7273e+00 -4.6728e+00 +2.3478e-01 +3.7247e-01 -2.8669e+00 +1.6209e+00 -2.1355e+00 +1.0921e+00
38 +1.660630439e+01 +1.660630439e+01 +1.016606304e+03 +1.016606304e+03 -7.0472e-01 +4.5296e+00 -2.4312e+00 +1.8857e+00 -7.7574e-01 +7.0378e-01 +3.8913e-01 +1.1799e-01 +4.1787e+00 -2.3049e+00 -3.2495e+00 -1.7048e+00 +2.0113e+00 -1.1775e+00 -3.2677e+00 -1.2155e-01 +3.9020e+00 -2.3435e-01 -2.9810e+00 -4.5666e+00
42 +1.218327493e+01 +1.218327493e+01 +1.012183275e+03 +1.012183275e+03 -2.2613e+00 -1.9985e+00 -5.9167e-01 +2.5209e+00 -2.4713e+00 -2.5005e+00 -3.8354e-01 +5.4437e-01 +1.9513e-02 -2.2798e+00 -3.3592e+00 -1.6867e+00 -2.6358e+00 -1.7298e+00 +6.5219e-02 +1.0868e-01 +3.0103e+00 +4.4296e-01 -2.3450e+00 -2.3813e+00
96 +9.827689988e+00 +9.827689988e+00 +1.009827690e+03 +1.009827690e+03 -2.6724e-01 +3.9542e+00 +3.3396e-01 +2.5544e+00 +2.1354e+00 +3.5814e+00 +9.7602e-01 -2.3275e+00 +1.7730e-01 -1.6985e+00 +2.8580e-01 -1.3442e+00 +1.5486e+00 -1.2214e+00 -2.9182e+00 +7.4639e-01 +9.2944e-01 +2.1913e+00 -2.1534e+00 -8.4464e-01
% function evaluation | noise-free fitness - Fopt (3.972000000000e+01) | best noise-free fitness - Fopt | measured fitness | best measured fitness | x1 | x2...
1 +2.286821225e+01 +2.286821225e+01 +6.258821225e+01 +6.258821225e+01 +1.6265e+00 +1.1338e+00 -1.8986e+00 +2.7527e+00 -2.5826e+00 -1.1216e+00 +3.0456e+00 +6.7317e-01 -4.3364e+00 -3.0070e+00 -4.1182e+00 -2.7129e+00 -3.5447e+00 +1.8662e+00 +7.2195e-02 +4.1469e+00 +4.8110e+00 +2.8727e+00 +3.6794e+00 -1.4885e+00
14 +1.498613876e+01 +1.498613876e+01 +5.470613876e+01 +5.470613876e+01 +5.8745e-01 -5.6543e-01 -2.5701e+00 +1.8136e+00 -2.2238e+00 -4.1126e+00 +2.0658e+00 -2.0125e+00 +2.0420e+00 -2.8717e+00 -2.4599e+00 -1.0253e+00 +4.8593e-01 +3.4696e+00 +4.6902e+00 +2.3525e+00 +5.0307e-01 +3.8576e+00 -4.1838e+00 -4.8452e-01
102 +9.593889693e+00 +9.593889693e+00 +4.931388969e+01 +4.931388969e+01 +9.9777e-01 -2.1053e-02 -2.6879e+00 +1.7832e+00 -2.2792e+00 -2.9246e+00 +1.7663e+00 -7.9090e-01 +2.0063e+00 +3.4076e+00 -2.3993e+00 +5.6431e-01 +1.6031e+00 -1.7830e+00 +9.2359e-01 +2.2443e+00 -6.6328e-01 +4.3130e+00 -3.8861e+00 -7.3296e-01
% function evaluation | noise-free fitness - Fopt (-1.213300000000e+02) | best noise-free fitness - Fopt | measured fitness | best measured fitness | x1 | x2...
1 +1.846853815e+01 +1.846853815e+01 -1.028614619e+02 -1.028614619e+02 +9.4874e-01 -3.7338e+00 -4.4609e+00 +1.9665e+00 +1.0287e+00 -1.1646e+00 -4.9521e+00 +3.9088e+00 +1.8388e+00 +4.2459e+00 +3.2193e+00 -4.9543e+00 +4.5751e+00 -3.2401e+00 -4.9658e+00 +1.9786e+00 -4.0170e+00 -3.3956e-02 -6.7346e-01 +1.2214e-01
16 +1.528851297e+01 +1.528851297e+01 -1.060414870e+02 -1.060414870e+02 +1.5841e+00 -4.0111e+00 -1.9444e+00 +2.2145e+00 -2.6025e+00 -4.4500e+00 -4.2875e+00 -4.7207e+00 +4.7048e+00 -4.6226e+00 -4.4491e+00 +1.7341e+00 +4.3350e+00 -1.8530e+00 -2.0449e+00 +6.5215e-01 -3.1589e+00 -5.9416e-02 +1.0931e+00 -4.3727e+00
51 +7.648530707e+00 +7.648530707e+00 -1.136814693e+02 -1.136814693e+02 +3.0205e+00 -3.0528e-01 -2.3954e+00 +3.2597e+00 +1.3033e+00 +1.7190e-01 +1.3731e+00 +4.8295e-01 +5.7548e-02 -1.5811e-01 +4.3054e+00 +1.8951e+00 -1.6246e+00 +2.2065e+00 -2.0964e+00 -4.4456e-01 -2.8603e+00 -4.6450e+00 +3.2573e+00 -1.8247e+00
164 +6.224975806e+00 +6.224975806e+00 -1.151050242e+02 -1.151050242e+02 +2.9862e+00 -5.2443e-01 -2.2581e+00 +1.1728e+00 -3.9893e-01 +1.0086e+00 +1.1283e+00 +1.3500e+00 +9.3971e-01 -5.2764e-02 +4.1792e+00 +1.2874e+00 -1.3401e+00 +2.2865e+00 -1.8294e+00 -1.3825e+00 -2.2704e+00 -3.8576e+00 +2.8581e+00 -2.4830e+00
1007 +3.967026032e+00 +3.967026032e+00 -1.173629740e+02 -1.173629740e+02 +2.9509e+00 -3.3098e-01 -2.3667e+00 +2.0072e+00 -3.3943e-02 +9.0166e-01 +1.6260e+00 +1.3178e+00 +4.4990e-01 -2.6288e-01 +4.2892e+00 +7.8511e-01 -1.2168e+00 +2.0584e+00 -1.8330e+00 -1.6815e+00 -2.5139e+00 -3.4333e+00 +2.7599e+00 -2.2932e+00
