% function evaluation | noise-free fitness - Fopt (-1.694000000000e+01) | best noise-free fitness - Fopt | measured fitness | best measured fitness | x1 | x2...
1 +3.226727463e+02 +3.226727463e+02 +3.057327463e+02 +3.057327463e+02 -1.3904e+00 +8.8642e-01
2 +4.967007835e+00 +4.967007835e+00 -1.197299216e+01 -1.197299216e+01 +2.4720e+00 +3.3956e+00
59 +3.178991241e+00 +3.178991241e+00 -1.376100876e+01 -1.376100876e+01 +2.7957e+00 +1.5232e+00
82 +8.325393956e-01 +8.325393956e-01 -1.610746060e+01 -1.610746060e+01 +3.9278e+00 +2.0447e+00
85 +5.841440080e-01 +5.841440080e-01 -1.635585599e+01 -1.635585599e+01 +3.7783e+00 +2.0583e+00
% function evaluation | noise-free fitness - Fopt (1.881000000000e+01) | best noise-free fitness - Fopt | measured fitness | best measured fitness | x1 | x2...
1 +2.076232746e+01 +2.076232746e+01 +3.957232746e+01 +3.957232746e+01 -4.5994e+00 +7.8120e-01
5 +1.459269433e+01 +1.459269433e+01 +3.340269433e+01 +3.340269433e+01 +4.0941e-02 -2.8806e-01
11 +9.231522874e+00 +9.231522874e+00 +2.804152287e+01 +2.804152287e+01 -2.7894e+00 +1.0344e+00
14 +4.347485587e+00 +4.347485587e+00 +2.315748559e+01 +2.315748559e+01 -2.0783e+00 +2.9952e+00
16 +3.354864489e+00 +3.354864489e+00 +2.216486449e+01 +2.216486449e+01 +9.6180e-01 +2.6357e+00
26 +1.528640041e+00 +1.528640041e+00 +2.033864004e+01 +2.033864004e+01 -6.0290e-01 +1.8278e+00
70 +8.175733813e-01 +8.175733813e-01 +1.962757338e+01 +1.962757338e+01 -4.9590e-01 +2.0134e+00
124 +2.031883334e-01 +2.031883334e-01 +1.901318833e+01 +1.901318833e+01 -3.3230e-01 +1.8009e+00
126 +1.104466268e-01 +1.104466268e-01 +1.892044663e+01 +1.892044663e+01 -2.5393e-01 +1.7792e+00
167 +9.764138978e-02 +9.764138978e-02 +1.890764139e+01 +1.890764139e+01 -2.8853e-01 +1.7859e+00
287 +5.764474296e-02 +5.764474296e-02 +1.886764474e+01 +1.886764474e+01 -2.4843e-01 +1.7850e+00
% function evaluation | noise-free fitness - Fopt (2.731500000000e+02) | best noise-free fitness - Fopt | measured fitness | best measured fitness | x1 | x2...
1 +2.444881991e+01 +2.444881991e+01 +2.975988199e+02 +2.975988199e+02 -3.0012e+00 -3.8991e+00
11 +6.454142159e+00 +6.454142159e+00 +2.796041422e+02 +2.796041422e+02 -4.4306e+00 +1.1103e+00
16 +1.761468223e+00 +1.761468223e+00 +2.749114682e+02 +2.749114682e+02 -3.4792e+00 +3.2979e+00
19 +8.390835780e-01 +8.390835780e-01 +2.739890836e+02 +2.739890836e+02 -3.9610e+00 +3.1776e+00
167 +5.643571800e-01 +5.643571800e-01 +2.737143572e+02 +2.737143572e+02 -3.5219e+00 +3.5025e+00
207 +3.830963453e-01 +3.830963453e-01 +2.735330963e+02 +2.735330963e+02 -3.6541e+00 +3.4527e+00
% function evaluation | noise-free fitness - Fopt (3.718000000000e+01) | best noise-free fitness - Fopt | measured fitness | best measured fitness | x1 | x2...
1 +7.786061242e+00 +7.786061242e+00 +4.496606124e+01 +4.496606124e+01 -4.3077e+00 +5.6027e-01
4 +3.209714225e+00 +3.209714225e+00 +4.038971422e+01 +4.038971422e+01 -2.2933e+00 +1.5760e+00
% function evaluation | noise-free fitness - Fopt (-1.479000000000e+02) | best noise-free fitness - Fopt | measured fitness | best measured fitness | x1 | x2...
1 +4.525727524e+00 +4.525727524e+00 -1.433742725e+02 -1.433742725e+02 -8.4737e-02 -2.5822e+00
7 +2.284012734e+00 +2.284012734e+00 -1.456159873e+02 -1.456159873e+02 -1.4477e+00 -8.0776e-01
183 +1.453858236e+00 +1.453858236e+00 -1.464461418e+02 -1.464461418e+02 -6.2845e-01 -8.5542e-01
% function evaluation | noise-free fitness - Fopt (-1.621700000000e+02) | best noise-free fitness - Fopt | measured fitness | best measured fitness | x1 | x2...
1 +3.744538809e+01 +3.744538809e+01 -1.247246119e+02 -1.247246119e+02 +3.0654e+00 +4.7675e+00
2 +1.234333736e+01 +1.234333736e+01 -1.498266626e+02 -1.498266626e+02 -4.9833e-01 -3.7571e+00
19 +8.994090922e+00 +8.994090922e+00 -1.531759091e+02 -1.531759091e+02 +3.5371e+00 -3.1841e+00
34 +6.299152704e+00 +6.299152704e+00 -1.558708473e+02 -1.558708473e+02 +3.7719e-01 -1.7772e+00
% function evaluation | noise-free fitness - Fopt (-3.348000000000e+01) | best noise-free fitness - Fopt | measured fitness | best measured fitness | x1 | x2...
1 +9.225351415e+01 +9.225351415e+01 +5.877351415e+01 +5.877351415e+01 -4.8180e+00 -2.5022e+00
2 +3.534178816e+01 +3.534178816e+01 +1.861788164e+00 +1.861788164e+00 -2.5480e+00 +3.8302e+00
3 +3.064611356e+00 +3.064611356e+00 -3.041538864e+01 -3.041538864e+01 +3.3724e+00 +2.1796e+00
13 +1.438019856e+00 +1.438019856e+00 -3.204198014e+01 -3.204198014e+01 +3.5529e+00 +1.5941e+00
69 +3.944789776e-01 +3.944789776e-01 -3.308552102e+01 -3.308552102e+01 +3.5848e+00 +9.1059e-01
92 +9.837694730e-02 +9.837694730e-02 -3.338162305e+01 -3.338162305e+01 +3.5718e+00 +9.1059e-01
197 +3.444794099e-02 +3.444794099e-02 -3.344555206e+01 -3.344555206e+01 +3.5413e+00 +9.1869e-01
252 +2.247013778e-02 +2.247013778e-02 -3.345752986e+01 -3.345752986e+01 +3.5463e+00 +9.2117e-01
404 +1.266099050e-02 +1.266099050e-02 -3.346733901e+01 -3.346733901e+01 +3.5442e+00 +9.2745e-01
442 +7.256983885e-03 +7.256983885e-03 -3.347274302e+01 -3.347274302e+01 +3.5435e+00 +9.2748e-01
456 +5.668100848e-03 +5.668100848e-03 -3.347433190e+01 -3.347433190e+01 +3.5440e+00 +9.2776e-01
474 +3.248218885e-03 +3.248218885e-03 -3.347675178e+01 -3.347675178e+01 +3.5430e+00 +9.2936e-01
500 +2.009388223e-03 +2.009388223e-03 -3.347799061e+01 -3.347799061e+01 +3.5438e+00 +9.3000e-01
641 +1.281946581e-03 +1.281946581e-03 -3.347871805e+01 -3.347871805e+01 +3.5438e+00 +9.3014e-01
820 +9.829808810e-04 +9.829808810e-04 -3.347901702e+01 -3.347901702e+01 +3.5438e+00 +9.3031e-01
% function evaluation | noise-free fitness - Fopt (3.093400000000e+02) | best noise-free fitness - Fopt | measured fitness | best measured fitness | x1 | x2...
1 +1.701423050e+01 +1.701423050e+01 +3.263542305e+02 +3.263542305e+02 +4.5716e+00 +1.7644e+00
4 +1.179868079e+01 +1.179868079e+01 +3.211386808e+02 +3.211386808e+02 -2.2801e+00 +9.0945e-01
20 +6.410433156e+00 +6.410433156e+00 +3.157504332e+02 +3.157504332e+02 +2.9255e+00 +3.4972e+00
27 +5.672274377e+00 +5.672274377e+00 +3.150122744e+02 +3.150122744e+02 +5.0513e-01 +9.6977e-01
43 +3.827214678e+00 +3.827214678e+00 +3.131672147e+02 +3.131672147e+02 +1.1359e+00 +2.4012e+00
56 +1.403038499e+00 +1.403038499e+00 +3.107430385e+02 +3.107430385e+02 +1.6561e-01 +2.7223e+00
127 +9.984022312e-01 +9.984022312e-01 +3.103384022e+02 +3.103384022e+02 -3.5720e-01 +2.6780e+00
% function evaluation | noise-free fitness - Fopt (-1.318000000000e+02) | best noise-free fitness - Fopt | measured fitness | best measured fitness | x1 | x2...
1 +5.418621140e+02 +5.418621140e+02 +4.100621140e+02 +4.100621140e+02 -4.9952e+00 +1.1654e+00
2 +3.975024115e+02 +3.975024115e+02 +2.657024115e+02 +2.657024115e+02 -4.7174e+00 -2.6556e-01
3 +1.864387850e+02 +1.864387850e+02 +5.463878499e+01 +5.463878499e+01 -2.9954e+00 -9.1304e-01
4 +1.016002375e+00 +1.016002375e+00 -1.307839976e+02 -1.307839976e+02 +2.3381e+00 -1.8865e+00
45 +2.846375358e-01 +2.846375358e-01 -1.315153625e+02 -1.315153625e+02 +2.8456e+00 -1.2647e+00
118 +1.775058957e-01 +1.775058957e-01 -1.316224941e+02 -1.316224941e+02 +2.7571e+00 -1.2647e+00
145 +5.832338699e-02 +5.832338699e-02 -1.317416766e+02 -1.317416766e+02 +2.7814e+00 -1.2981e+00
% function evaluation | noise-free fitness - Fopt (-1.982400000000e+02) | best noise-free fitness - Fopt | measured fitness | best measured fitness | x1 | x2...
1 +3.924066774e+01 +3.924066774e+01 -1.589993323e+02 -1.589993323e+02 +3.8082e+00 +2.6396e+00
2 +1.006496937e+01 +1.006496937e+01 -1.881750306e+02 -1.881750306e+02 +4.3863e+00 -4.1247e+00
3 +5.043478484e+00 +5.043478484e+00 -1.931965215e+02 -1.931965215e+02 -1.2484e+00 +3.4786e+00
5 +2.882164082e+00 +2.882164082e+00 -1.953578359e+02 -1.953578359e+02 +2.8511e+00 -1.1585e+00
19 +2.243921201e+00 +2.243921201e+00 -1.959960788e+02 -1.959960788e+02 +8.5283e-01 +3.5582e-01
81 +1.436231489e+00 +1.436231489e+00 -1.968037685e+02 -1.968037685e+02 +1.5500e+00 +3.6088e-01
95 +2.514749347e-01 +2.514749347e-01 -1.979885251e+02 -1.979885251e+02 +1.4440e+00 -4.2691e-02
124 +1.778340552e-01 +1.778340552e-01 -1.980621659e+02 -1.980621659e+02 +1.4710e+00 -1.0289e-02
146 +1.157943488e-01 +1.157943488e-01 -1.981242057e+02 -1.981242057e+02 +1.5090e+00 -4.2691e-02
190 +6.111269737e-02 +6.111269737e-02 -1.981788873e+02 -1.981788873e+02 +1.5417e+00 -2.2567e-03
201 +3.252706848e-02 +3.252706848e-02 -1.982074729e+02 -1.982074729e+02 +1.5332e+00 -1.1078e-02
% function evaluation | noise-free fitness - Fopt (-6.470000000000e+00) | best noise-free fitness - Fopt | measured fitness | best measured fitness | x1 | x2...
1 +2.394738335e+01 +2.394738335e+01 +1.747738335e+01 +1.747738335e+01 -4.3742e-01 -4.9054e+00
2 +6.418615701e-01 +6.418615701e-01 -5.828138430e+00 -5.828138430e+00 +3.6069e+00 +1.4821e+00
117 +6.301508916e-01 +6.301508916e-01 -5.839849108e+00 -5.839849108e+00 +3.5432e+00 +1.4213e+00
131 +2.941818083e-01 +2.941818083e-01 -6.175818192e+00 -6.175818192e+00 +3.0723e+00 +1.8066e+00
166 +2.007263164e-01 +2.007263164e-01 -6.269273684e+00 -6.269273684e+00 +3.2610e+00 +1.7915e+00
192 +1.029055232e-01 +1.029055232e-01 -6.367094477e+00 -6.367094477e+00 +3.1750e+00 +1.8003e+00
218 +3.301517865e-02 +3.301517865e-02 -6.436984821e+00 -6.436984821e+00 +3.1985e+00 +1.8060e+00
262 +1.733532488e-02 +1.733532488e-02 -6.452664675e+00 -6.452664675e+00 +3.1963e+00 +1.7976e+00
325 +7.548699434e-03 +7.548699434e-03 -6.462451301e+00 -6.462451301e+00 +3.2051e+00 +1.7977e+00
% function evaluation | noise-free fitness - Fopt (2.055300000000e+02) | best noise-free fitness - Fopt | measured fitness | best measured fitness | x1 | x2...
1 +2.806824635e+02 +2.806824635e+02 +4.862124635e+02 +4.862124635e+02 +3.0196e+00 -4.1240e+00
2 +2.614401764e+01 +2.614401764e+01 +2.316740176e+02 +2.316740176e+02 -3.1946e+00 +4.3736e+00
5 +1.188833768e+01 +1.188833768e+01 +2.174183377e+02 +2.174183377e+02 +1.9000e+00 -2.6790e-01
10 +6.668966963e+00 +6.668966963e+00 +2.121989670e+02 +2.121989670e+02 -4.5261e+00 +2.5724e+00
43 +3.491872771e+00 +3.491872771e+00 +2.090218728e+02 +2.090218728e+02 -1.4783e+00 +1.3593e-01
63 +2.457052237e+00 +2.457052237e+00 +2.079870522e+02 +2.079870522e+02 -2.8024e+00 -3.4083e-01
110 +1.172905733e+00 +1.172905733e+00 +2.067029057e+02 +2.067029057e+02 -1.5686e+00 -1.9019e-01
123 +5.280846833e-01 +5.280846833e-01 +2.060580847e+02 +2.060580847e+02 -1.9141e+00 -3.0362e-01
% function evaluation | noise-free fitness - Fopt (1.000000000000e+03) | best noise-free fitness - Fopt | measured fitness | best measured fitness | x1 | x2...
1 +4.346000979e+01 +4.346000979e+01 +1.043460010e+03 +1.043460010e+03 +1.6802e+00 +2.1401e+00
4 +1.631866290e+01 +1.631866290e+01 +1.016318663e+03 +1.016318663e+03 -3.2344e+00 +9.4855e-01
9 +1.337076707e+01 +1.337076707e+01 +1.013370767e+03 +1.013370767e+03 +3.2354e+00 -2.9009e+00
14 +6.560708016e-01 +6.560708016e-01 +1.000656071e+03 +1.000656071e+03 -3.6485e+00 -3.6856e+00
45 +2.858141914e-01 +2.858141914e-01 +1.000285814e+03 +1.000285814e+03 -3.6227e+00 -3.5902e+00
85 +2.033018711e-01 +2.033018711e-01 +1.000203302e+03 +1.000203302e+03 -3.6317e+00 -3.5902e+00
93 +1.012373541e-01 +1.012373541e-01 +1.000101237e+03 +1.000101237e+03 -3.5421e+00 -3.5789e+00
138 +9.987332280e-02 +9.987332280e-02 +1.000099873e+03 +1.000099873e+03 -3.5135e+00 -3.5750e+00
240 +5.780694127e-02 +5.780694127e-02 +1.000057807e+03 +1.000057807e+03 -3.5353e+00 -3.5841e+00
% function evaluation | noise-free fitness - Fopt (3.972000000000e+01) | best noise-free fitness - Fopt | measured fitness | best measured fitness | x1 | x2...
1 +1.005921402e+02 +1.005921402e+02 +1.403121402e+02 +1.403121402e+02 -2.6452e+00 -3.4018e+00
2 +1.686408527e+01 +1.686408527e+01 +5.658408527e+01 +5.658408527e+01 -4.6965e+00 -1.8607e-01
3 +9.792124375e+00 +9.792124375e+00 +4.951212438e+01 +4.951212438e+01 +3.9989e+00 +4.0976e+00
33 +5.913272933e+00 +5.913272933e+00 +4.563327293e+01 +4.563327293e+01 -1.0443e-02 +3.0566e+00
43 +2.693994157e+00 +2.693994157e+00 +4.241399416e+01 +4.241399416e+01 +1.2722e+00 +3.2699e+00
55 +3.831349052e-01 +3.831349052e-01 +4.010313491e+01 +4.010313491e+01 +6.9334e-01 +5.9022e-01
310 +1.796932987e-01 +1.796932987e-01 +3.989969330e+01 +3.989969330e+01 +7.4304e-01 +9.7926e-01
330 +1.581588588e-01 +1.581588588e-01 +3.987815886e+01 +3.987815886e+01 +7.4315e-01 +1.0094e+00
% function evaluation | noise-free fitness - Fopt (-1.213300000000e+02) | best noise-free fitness - Fopt | measured fitness | best measured fitness | x1 | x2...
1 +5.140328423e+01 +5.140328423e+01 -6.992671577e+01 -6.992671577e+01 -3.4092e+00 +3.3665e+00
2 +2.540852477e+01 +2.540852477e+01 -9.592147523e+01 -9.592147523e+01 -3.0556e+00 -4.2758e+00
5 +9.741314467e+00 +9.741314467e+00 -1.115886855e+02 -1.115886855e+02 +7.9934e-01 -2.0493e+00
17 +5.596011879e-01 +5.596011879e-01 -1.207703988e+02 -1.207703988e+02 +2.3787e+00 -3.2924e+00
89 +3.668326481e-01 +3.668326481e-01 -1.209631674e+02 -1.209631674e+02 +2.1530e+00 -3.2520e+00
118 +2.449696889e-01 +2.449696889e-01 -1.210850303e+02 -1.210850303e+02 +2.3860e+00 -3.3069e+00
196 +7.246830314e-02 +7.246830314e-02 -1.212575317e+02 -1.212575317e+02 +2.2289e+00 -3.3741e+00
234 +3.224610126e-02 +3.224610126e-02 -1.212977539e+02 -1.212977539e+02 +2.2193e+00 -3.3350e+00
309 +4.723933415e-03 +4.723933415e-03 -1.213252761e+02 -1.213252761e+02 +2.2264e+00 -3.3436e+00
379 +1.652477129e-03 +1.652477129e-03 -1.213283475e+02 -1.213283475e+02 +2.2257e+00 -3.3430e+00
406 +9.837152654e-04 +9.837152654e-04 -1.213290163e+02 -1.213290163e+02 +2.2264e+00 -3.3429e+00
463 +3.151396799e-04 +3.151396799e-04 -1.213296849e+02 -1.213296849e+02 +2.2263e+00 -3.3425e+00
488 +2.381935431e-04 +2.381935431e-04 -1.213297618e+02 -1.213297618e+02 +2.2263e+00 -3.3424e+00
723 +1.314821549e-04 +1.314821549e-04 -1.213298685e+02 -1.213298685e+02 +2.2264e+00 -3.3424e+00
861 +9.602829445e-05 +9.602829445e-05 -1.213299040e+02 -1.213299040e+02 +2.2264e+00 -3.3424e+00
1024 +4.442016737e-05 +4.442016737e-05 -1.213299556e+02 -1.213299556e+02 +2.2264e+00 -3.3424e+00
1169 +3.950353340e-05 +3.950353340e-05 -1.213299605e+02 -1.213299605e+02 +2.2264e+00 -3.3424e+00
