% function evaluation | noise-free fitness - Fopt (-5.494000000000e+01) | best noise-free fitness - Fopt | measured fitness | best measured fitness | x1 | x2...
1 +2.550963605e+07 +2.550963605e+07 +2.550958111e+07 +2.550958111e+07 -3.3448e+00 +1.6325e+00 +4.0882e+00 -1.3925e+00 -6.4545e-01 +1.9574e+00 +3.7846e+00 +3.8158e+00 +4.7544e+00 +4.2121e+00 +1.5374e-01 -4.8838e+00 -2.3278e+00 +6.4637e-01 -3.1398e+00 -3.4186e+00 +2.4245e-01 -2.6290e+00 +4.5389e+00 -3.7873e+00
2 +1.561440970e+07 +1.561440970e+07 +1.561435476e+07 +1.561435476e+07 +4.2617e+00 -4.6547e+00 +1.0018e+00 -2.9123e-01 -3.6800e+00 -3.7860e+00 +1.9007e-01 +2.9032e+00 +4.1934e+00 -4.4954e+00 -1.1177e+00 +3.3706e+00 +3.5412e+00 -3.2687e+00 -4.9204e+00 -4.4551e+00 -4.9103e+00 +2.6405e+00 +3.0949e+00 -1.8412e+00
7 +3.927353600e+06 +3.927353600e+06 +3.927298660e+06 +3.927298660e+06 -1.8223e+00 +6.2292e-01 -2.6763e+00 -1.6677e+00 +3.8662e+00 +4.8104e+00 +5.3461e-01 +2.9041e+00 -3.8947e+00 +3.5558e+00 -6.9687e-01 +2.8541e+00 +2.4068e+00 -4.2469e+00 -1.8128e+00 -3.0382e+00 +1.5059e+00 -3.8111e-01 +2.1338e+00 +2.2682e+00
19 +1.487170599e+06 +1.487170599e+06 +1.487115659e+06 +1.487115659e+06 -3.1979e+00 -4.1456e+00 -4.5813e+00 +8.9549e-01 +3.3523e+00 -7.1925e-01 -2.8546e+00 +1.5681e+00 -2.0355e+00 -2.1219e+00 -4.9736e+00 +1.7273e+00 +3.7217e+00 +2.3322e+00 -1.1149e+00 +2.0362e+00 -4.8470e+00 -4.3244e+00 -2.5184e+00 -4.2946e+00
128 +9.462476898e+05 +9.462476898e+05 +9.461927498e+05 +9.461927498e+05 -1.8837e+00 -6.3856e-01 -2.9894e+00 -5.8857e-01 +3.7160e+00 +2.3489e+00 -1.6848e+00 +1.2119e+00 -2.0073e+00 +5.6574e-01 -3.2065e+00 +2.2415e+00 +3.1114e+00 +2.3971e-01 -1.7680e+00 +3.8137e-02 -8.3667e-01 -3.6114e+00 -2.4611e+00 -1.8508e+00
325 +6.269679805e+05 +6.269679805e+05 +6.269130405e+05 +6.269130405e+05 -2.0885e+00 -2.0893e+00 -2.9483e+00 -4.4473e-01 +3.6048e+00 +1.0511e+00 -1.6995e+00 +1.6524e+00 -3.0547e-01 +5.9833e-01 -2.8415e+00 +2.0497e+00 +3.0151e+00 +1.1106e-01 -1.7278e+00 +1.3064e+00 -1.0790e+00 -2.7389e+00 -1.8636e+00 -1.7716e+00
% function evaluation | noise-free fitness - Fopt (5.913000000000e+01) | best noise-free fitness - Fopt | measured fitness | best measured fitness | x1 | x2...
1 +3.538705216e+07 +3.538705216e+07 +3.538711129e+07 +3.538711129e+07 -1.3857e+00 +4.4546e+00 -4.3461e+00 +2.8884e-01 -3.8338e+00 -2.3058e+00 -4.3808e+00 +4.9183e+00 +6.7800e-01 -4.9287e+00 -4.9293e+00 -3.3812e+00 -3.8877e+00 -5.9846e-01 -5.2381e-02 +2.5127e+00 +4.6525e+00 +4.4596e+00 +4.2595e+00 +1.7453e+00
2 +1.777921434e+07 +1.777921434e+07 +1.777927347e+07 +1.777927347e+07 +1.3528e+00 +4.2806e+00 -1.9328e+00 -1.4926e+00 +3.2385e+00 +2.2238e+00 -4.7783e+00 -1.9135e+00 -3.7946e+00 +3.5852e+00 -2.3527e+00 -1.9160e+00 -1.1794e+00 -3.9519e+00 +4.9037e+00 +5.4422e-01 -5.6623e-01 -3.8331e+00 -2.5510e+00 -1.5848e-01
6 +1.436877144e+07 +1.436877144e+07 +1.436883057e+07 +1.436883057e+07 -3.7099e-01 +8.6274e-01 +4.0180e+00 -4.9101e+00 +6.9033e-01 -3.1004e+00 +9.3197e-01 +2.8656e+00 -1.1215e+00 -1.5261e+00 -2.4302e+00 -3.1757e+00 +3.6455e+00 +4.8509e+00 -3.3960e+00 -2.0925e+00 +3.3917e+00 +2.4230e-01 -3.0231e+00 +2.6413e+00
8 +5.620342927e+06 +5.620342927e+06 +5.620402057e+06 +5.620402057e+06 +3.9411e+00 -3.4792e+00 -5.7584e-01 -2.3123e+00 -4.7573e+00 +4.1913e+00 -1.8620e+00 +1.3435e+00 +2.7417e+00 +2.6915e+00 +2.3061e+00 -3.9531e+00 +1.9508e+00 +3.2523e+00 -1.3098e+00 -3.8495e+00 +9.6050e-01 -4.3713e+00 -3.2174e+00 +3.2423e+00
34 +3.554125396e+06 +3.554125396e+06 +3.554184526e+06 +3.554184526e+06 +1.5841e+00 -6.7572e-01 -4.9725e+00 +3.5636e+00 -3.3672e+00 +6.5836e-01 -1.8613e+00 -3.0001e+00 +1.8631e+00 +3.5024e+00 +8.2207e-01 +9.6186e-02 +4.5552e+00 -1.2960e-01 +2.4719e+00 -4.3968e+00 +4.0675e+00 -2.9629e+00 -9.3222e-01 -4.8495e-01
53 +1.701839143e+06 +1.701839143e+06 +1.701898273e+06 +1.701898273e+06 -7.2269e-01 -1.4002e+00 -2.5175e+00 +1.9232e+00 -9.6175e-02 -3.5304e+00 -1.7930e+00 -3.0312e+00 -9.8470e-01 +8.4693e-01 +7.4356e-01 +3.0988e-01 +4.0606e+00 +1.8644e+00 +1.7358e+00 -3.6210e+00 +2.8186e+00 -1.8527e+00 +1.1578e+00 -1.6295e-01
75 +1.514367576e+06 +1.514367576e+06 +1.514426706e+06 +1.514426706e+06 +2.1471e-02 +7.3389e-01 -4.3653e-01 +5.4717e-01 +6.3303e-02 +2.8789e-01 -1.3324e+00 +5.9375e-02 -2.5816e+00 -1.0723e+00 +9.0668e-01 -3.9601e-01 -2.9596e+00 -1.1179e+00 -2.6170e-01 -3.1835e+00 +2.4241e+00 -1.8930e+00 +1.9979e+00 -9.5681e-01
81 +9.454999899e+05 +9.454999899e+05 +9.455591199e+05 +9.455591199e+05 +2.7833e-02 +3.0081e+00 -1.3716e+00 +2.5699e+00 -3.5751e+00 -9.4699e-01 -1.4895e+00 -1.6282e-02 -3.1975e-01 -1.1630e+00 -2.2722e-01 -1.1437e+00 -3.6643e-01 -1.0404e+00 +1.4569e+00 -3.0188e+00 +2.8086e+00 -8.5863e-01 +2.7797e+00 +9.6005e-02
193 +4.821514883e+05 +4.821514883e+05 +4.822106183e+05 +4.822106183e+05 +2.1085e-02 +1.8241e+00 -1.7345e+00 +1.9205e+00 -3.0971e+00 -8.8689e-01 -8.0210e-01 -5.3110e-01 -4.1003e-01 -8.1366e-01 +4.3119e-01 -1.8519e+00 -3.7527e-01 -6.7749e-01 +1.2281e+00 -3.3896e+00 +2.7978e+00 -1.2406e+00 +2.7379e+00 -1.9770e+00
233 +3.748644042e+05 +3.748644042e+05 +3.749235342e+05 +3.749235342e+05 +2.1085e-02 +1.8241e+00 -1.7345e+00 +1.9205e+00 -3.0971e+00 -8.8689e-01 -1.4262e+00 -5.3110e-01 -4.1003e-01 -8.1366e-01 +4.3119e-01 -1.8519e+00 -3.7527e-01 -6.7749e-01 +1.2281e+00 -3.3896e+00 +2.7978e+00 -1.2406e+00 +2.7379e+00 -1.9770e+00
% function evaluation | noise-free fitness - Fopt (-4.915300000000e+02) | best noise-free fitness - Fopt | measured fitness | best measured fitness | x1 | x2...
1 +1.560051154e+07 +1.560051154e+07 +1.560002001e+07 +1.560002001e+07 -3.3214e+00 +6.1481e-01 +5.7249e-01 +2.2363e+00 +2.4461e-01 +4.3257e+00 +1.7604e+00 -7.6944e-01 -2.3286e+00 +1.0902e+00 +4.6022e+00 -4.3749e+00 +2.5755e+00 +4.6494e+00 +1.2032e+00 +1.3744e-01 -1.6277e+00 +4.6671e+00 -1.8968e+00 +1.4295e+00
5 +8.538877635e+06 +8.538877635e+06 +8.538386105e+06 +8.538386105e+06 +4.1377e+00 +1.9678e+00 +7.3231e-01 +4.1930e+00 +1.0987e+00 +1.0464e+00 +4.7093e+00 +1.5378e+00 -1.3187e+00 -1.2287e+00 +4.4149e+00 +4.8002e+00 +4.4608e+00 -9.6216e-01 +3.6986e+00 -4.3784e+00 +1.3708e+00 +1.9342e+00 +1.9193e+00 -2.7355e-01
16 +4.441611938e+06 +4.441611938e+06 +4.441120408e+06 +4.441120408e+06 -2.9388e+00 -3.5828e+00 -2.3380e+00 +3.6235e+00 -2.5318e+00 +2.2133e+00 +1.5918e+00 -1.4329e+00 +1.7182e-01 +2.8014e+00 +2.7387e+00 -3.9670e+00 +1.4327e+00 -3.3383e+00 -2.7584e-01 -1.5799e+00 +1.7201e+00 -4.0569e+00 -4.2045e+00 -4.8729e+00
19 +2.711654384e+06 +2.711654384e+06 +2.711162854e+06 +2.711162854e+06 +2.7578e+00 +4.6249e+00 +1.2847e+00 +4.6782e+00 +4.7194e+00 +1.7642e+00 +1.2788e+00 +1.1429e+00 -2.5785e+00 -4.2498e+00 +3.6719e+00 -2.6647e+00 -3.1531e+00 -4.4607e+00 -1.3091e+00 +4.8221e+00 -1.9356e+00 +4.1705e-01 +1.7189e+00 +2.7144e+00
26 +2.324503759e+06 +2.324503759e+06 +2.324012229e+06 +2.324012229e+06 -3.3252e+00 +3.1300e+00 +1.3992e+00 -8.6533e-01 -1.3901e-01 +1.7384e+00 +3.8438e+00 -7.6614e-01 -4.6839e+00 -1.3025e+00 -1.5008e+00 +1.9521e+00 -2.9344e+00 -4.9056e+00 -3.0412e+00 -6.6610e-01 -3.0335e+00 +8.3181e-02 +4.3413e+00 +4.6966e+00
38 +4.591793321e+05 +4.591793321e+05 +4.586878021e+05 +4.586878021e+05 -3.7079e+00 +2.4986e+00 +2.3419e+00 -3.3825e+00 -1.6084e+00 -2.4372e+00 +1.0372e+00 +1.9754e+00 +5.2196e-01 -1.7489e+00 +2.0535e+00 +1.3088e+00 -1.9321e+00 -2.1722e+00 -1.9885e+00 +2.2955e+00 -1.3042e+00 +9.4177e-01 -4.0189e+00 +4.4388e+00
138 +2.528429591e+05 +2.528429591e+05 +2.523514291e+05 +2.523514291e+05 -3.3261e+00 +2.2809e+00 +2.3538e+00 -2.3778e+00 -1.9169e+00 -1.9588e+00 +1.1640e+00 +1.4393e+00 -6.4313e-01 -1.4603e+00 +3.3343e+00 +2.3915e-01 -8.4552e-01 -1.9745e+00 -1.1468e+00 +1.8946e+00 -1.4547e+00 +1.4825e+00 -3.7851e+00 +4.2593e+00
163 +2.393686119e+05 +2.393686119e+05 +2.388770819e+05 +2.388770819e+05 -3.1004e+00 +2.0056e+00 +2.3340e+00 -2.2125e+00 -1.7892e+00 -2.0228e+00 +1.2667e+00 +1.4431e+00 -7.8762e-01 -1.4206e+00 +2.4850e+00 +8.4321e-01 -1.7326e+00 -2.0879e+00 -1.1129e+00 +1.6651e+00 -1.4510e+00 +1.4418e+00 -3.8512e+00 +4.3243e+00
919 +1.579875158e+05 +1.579875158e+05 +1.574959858e+05 +1.574959858e+05 -3.5883e+00 +2.0206e+00 +1.9445e+00 -2.2204e+00 -1.7518e+00 -1.7121e+00 +1.2196e+00 +1.5161e+00 -4.5708e-01 -1.3742e+00 +2.9493e+00 +2.4045e-01 -1.0736e+00 -1.6314e+00 -9.1347e-01 +1.6449e+00 -1.5720e+00 +1.4281e+00 -3.6761e+00 +4.3912e+00
% function evaluation | noise-free fitness - Fopt (-1.702000000000e+02) | best noise-free fitness - Fopt | measured fitness | best measured fitness | x1 | x2...
1 +3.971371621e+07 +3.971371621e+07 +3.971354601e+07 +3.971354601e+07 -2.4068e+00 +4.3880e+00 +1.4527e+00 -3.3573e-01 +3.8753e+00 +9.4108e-01 +1.4769e+00 -4.4721e+00 +4.6383e+00 +3.6820e+00 +1.3241e-01 +1.2622e+00 -4.4497e+00 +4.2079e+00 +4.0881e+00 -4.4437e+00 +2.0209e+00 +7.8948e-01 -3.5791e-01 +1.7948e-01
3 +7.351786036e+06 +7.351786036e+06 +7.351615836e+06 +7.351615836e+06 +2.4116e+00 -5.5920e-01 -3.1065e+00 +2.9467e+00 +2.0486e+00 +4.9491e+00 -1.4671e+00 -2.9947e+00 -3.3782e+00 +3.4205e+00 +1.6492e+00 +1.7546e+00 -4.7402e+00 +4.6536e+00 -6.4474e-01 -2.1722e+00 -5.4723e-01 +2.6726e+00 -4.3500e+00 +6.0319e-01
10 +5.012035439e+06 +5.012035439e+06 +5.011865239e+06 +5.011865239e+06 -3.4328e+00 +2.5511e+00 -1.2632e+00 +4.4324e+00 +1.1725e+00 -3.1662e+00 -3.2949e+00 -1.1018e+00 -4.0785e-01 -2.4598e+00 -4.5990e+00 +1.6224e-01 +2.8698e+00 -5.6516e-01 +4.0610e+00 -4.2659e+00 +1.3990e+00 -2.7408e+00 -2.3815e+00 +4.1598e+00
30 +2.497724448e+06 +2.497724448e+06 +2.497554248e+06 +2.497554248e+06 -2.3687e+00 -1.9521e+00 +3.5937e-01 -2.8542e-01 +3.0550e+00 -4.5901e+00 -2.8525e-01 +6.2732e-01 -3.2195e+00 -1.0740e+00 -2.8624e+00 +4.2557e-01 -1.4784e+00 -8.5696e-01 +3.0469e+00 -4.8512e+00 -1.0473e-01 +1.7225e+00 -3.0732e+00 -4.2012e-01
60 +9.265014344e+05 +9.265014344e+05 +9.263312344e+05 +9.263312344e+05 -3.6650e+00 -3.8057e+00 -4.5778e+00 +3.9499e+00 -7.2612e-01 -1.2182e+00 -4.6389e+00 -5.7175e-01 -8.1336e-01 +2.4992e+00 -1.4036e+00 +1.9591e+00 -1.3887e+00 +9.1154e-01 +1.5082e+00 -1.7934e+00 +4.3573e+00 +9.0315e-01 +5.9810e-01 +1.4923e+00
140 +5.512559833e+05 +5.512559833e+05 +5.510857833e+05 +5.510857833e+05 -3.4057e+00 -3.7709e+00 -4.4607e+00 +3.9409e+00 -7.2598e-01 -1.1574e+00 -4.3226e+00 -4.3379e-01 -2.1028e+00 +2.5665e+00 -1.1624e+00 +1.9604e+00 -1.3924e+00 +1.6506e+00 +1.5488e+00 -2.0281e+00 +4.1654e+00 +9.2123e-01 -6.3694e-01 +1.1356e+00
147 +2.553883718e+05 +2.553883718e+05 +2.552181718e+05 +2.552181718e+05 -3.2382e+00 -3.4044e+00 -4.2663e+00 +3.7930e+00 -7.0012e-02 -1.0003e+00 -3.2373e+00 +2.0294e+00 -1.0759e+00 +3.5436e+00 +8.4597e-01 +3.0654e+00 -8.2194e-01 +2.3374e+00 +2.0570e+00 -2.1287e+00 +3.8997e+00 +1.0783e+00 -5.0543e-01 +1.5859e+00
180 +2.492906092e+05 +2.492906092e+05 +2.491204092e+05 +2.491204092e+05 -3.2382e+00 -3.4044e+00 -4.2663e+00 +3.7930e+00 -7.0012e-02 -1.0003e+00 -3.2373e+00 +2.0294e+00 -1.0759e+00 +3.5436e+00 +8.4597e-01 +3.0654e+00 -8.2194e-01 +2.3374e+00 +2.0570e+00 -2.1287e+00 +3.8997e+00 +1.0783e+00 -5.0543e-01 +1.5020e+00
% function evaluation | noise-free fitness - Fopt (-4.697500000000e+02) | best noise-free fitness - Fopt | measured fitness | best measured fitness | x1 | x2...
1 +2.554234345e+07 +2.554234345e+07 +2.554187370e+07 +2.554187370e+07 +3.8478e+00 -3.6682e+00 -3.1700e+00 -3.3410e-02 -3.2129e+00 +2.6746e+00 -6.5169e-01 -3.9005e-01 -3.9555e+00 +1.7701e+00 +1.0461e+00 +1.8542e+00 +1.4985e+00 +2.3895e-01 -3.0610e+00 -4.6203e+00 -4.9541e+00 +3.0923e+00 -3.1861e+00 +3.9864e+00
2 +1.738112011e+07 +1.738112011e+07 +1.738065036e+07 +1.738065036e+07 +4.5211e+00 -4.0717e+00 +4.4131e+00 +5.2151e-01 -3.8090e+00 +5.8414e-01 +2.3320e+00 -2.9583e+00 -4.6273e+00 +2.2585e+00 +2.0162e+00 +1.0390e+00 -4.8772e+00 +2.8391e+00 -2.8116e+00 +3.2315e+00 +1.8814e+00 -4.9073e+00 +4.1935e+00 -4.0403e+00
3 +1.107289359e+07 +1.107289359e+07 +1.107242384e+07 +1.107242384e+07 -3.3692e+00 +4.9819e+00 +4.9624e+00 -3.5461e+00 -2.6393e+00 +1.9645e+00 -5.6546e-01 +4.9494e+00 -2.0203e+00 -3.1939e+00 +3.5932e+00 -3.0637e-01 -1.1619e+00 -3.0940e+00 -1.8168e+00 +2.7771e+00 -1.8153e+00 -3.3830e+00 -1.8948e-01 -9.3213e-01
5 +8.275913060e+06 +8.275913060e+06 +8.275443310e+06 +8.275443310e+06 +3.5750e-01 +3.3654e+00 +4.0999e+00 +3.4530e+00 +2.6782e+00 -1.1874e+00 -1.1238e+00 +2.7975e+00 +4.0814e+00 -3.0765e+00 +5.9591e-01 +2.4255e-01 -2.4119e+00 -2.9507e+00 -8.4899e-01 +3.6908e+00 +6.6270e-01 +4.7518e+00 -2.3806e+00 -2.7084e-01
7 +6.170784444e+06 +6.170784444e+06 +6.170314694e+06 +6.170314694e+06 -1.7085e+00 -4.6977e+00 +1.8119e+00 -4.8323e+00 +4.4132e+00 -2.9910e+00 +4.5129e+00 -1.5218e+00 +3.6344e+00 +3.5507e+00 -4.3205e-01 -3.6072e+00 +5.2050e-01 -2.6220e+00 -2.0742e-02 -2.8243e+00 -4.6701e+00 -1.9619e+00 -2.6711e+00 -2.9662e+00
73 +2.106042937e+06 +2.106042937e+06 +2.105573187e+06 +2.105573187e+06 +3.4654e+00 +3.2152e+00 +1.6397e+00 -2.1395e+00 +5.7623e-01 +2.7063e+00 -1.0890e+00 -3.8745e+00 +1.0062e+00 +7.3332e-01 -7.8552e-01 -1.4197e+00 +4.6544e+00 -3.9625e-01 +1.4793e+00 -1.5093e+00 +1.9506e+00 +2.3628e-01 -4.0220e-01 -3.0466e+00
159 +1.449829684e+06 +1.449829684e+06 +1.449359934e+06 +1.449359934e+06 +3.9825e+00 +1.8839e+00 +1.5942e+00 -1.8689e+00 +1.4552e-01 +9.2690e-01 -2.0919e+00 -3.8121e+00 +1.8275e+00 +2.9408e-01 -2.7194e+00 -6.0915e-01 +4.1481e+00 -1.1403e+00 -8.7698e-01 -2.6305e+00 +1.6794e+00 +2.9118e+00 -7.3907e-01 -2.2871e+00
% function evaluation | noise-free fitness - Fopt (-1.053500000000e+02) | best noise-free fitness - Fopt | measured fitness | best measured fitness | x1 | x2...
1 +2.896131142e+07 +2.896131142e+07 +2.896120607e+07 +2.896120607e+07 +1.7808e+00 +1.9474e+00 -1.2787e+00 +1.9706e+00 -4.8555e+00 +1.1097e-01 +2.2843e+00 +8.0790e-01 -4.3297e+00 -7.6371e-01 -4.5021e+00 +1.6711e+00 -1.3187e+00 -4.8437e+00 -1.7047e+00 +3.1745e+00 +2.2999e-01 -4.8831e+00 -9.7391e-01 -2.7474e+00
2 +2.422206180e+07 +2.422206180e+07 +2.422195645e+07 +2.422195645e+07 -3.9727e+00 -3.5954e-01 +1.0080e+00 +1.3652e+00 +4.6531e+00 -4.8190e+00 -4.0807e+00 +5.5373e-02 +3.6833e+00 +2.6118e-01 +2.9833e+00 +1.5109e+00 +4.8844e+00 +1.3840e+00 +4.0648e+00 -1.0007e+00 -2.0595e+00 -1.6652e+00 +8.0964e-01 +4.5308e+00
3 +1.421382447e+07 +1.421382447e+07 +1.421371912e+07 +1.421371912e+07 -1.9940e+00 -1.4066e+00 -4.6581e+00 -4.6345e+00 -2.2361e+00 -1.3487e+00 +2.2776e+00 -2.7533e+00 +1.8167e-01 +2.0877e+00 -9.0203e-01 +4.0664e+00 -4.7084e+00 -1.8750e+00 +3.8796e+00 -3.8382e+00 +9.3311e-01 -4.8980e+00 +4.9140e+00 +1.0337e+00
4 +8.289555660e+06 +8.289555660e+06 +8.289450310e+06 +8.289450310e+06 -2.1111e-01 -4.0376e+00 -1.4673e+00 +2.3961e-01 -2.9827e+00 -3.0645e+00 +1.3568e+00 +1.9973e+00 -3.4327e+00 -3.8809e+00 +4.4036e+00 -7.8841e-01 +4.1954e+00 -2.9496e+00 -4.2047e+00 +6.7938e-01 -2.0630e+00 -2.8797e+00 +4.9977e+00 +2.2182e+00
5 +6.063092057e+06 +6.063092057e+06 +6.062986707e+06 +6.062986707e+06 -1.6911e+00 -1.5023e+00 +3.4955e+00 -1.5141e+00 +1.4094e+00 -1.1830e-01 +3.9575e+00 -3.4800e+00 -1.3680e+00 +4.6683e+00 +3.3318e+00 -3.5665e+00 -4.2366e+00 +8.6926e-01 +3.1194e+00 +3.5396e+00 -1.2659e+00 -1.0742e+00 -2.8599e-01 +1.5131e+00
41 +2.913965442e+06 +2.913965442e+06 +2.913860092e+06 +2.913860092e+06 +2.1600e+00 +2.8002e+00 -1.9702e+00 -9.7830e-01 -3.2408e+00 -1.1714e+00 -8.3552e-01 +4.2668e-01 -1.1973e+00 +5.0466e-01 +1.4412e+00 +1.6893e+00 +1.7533e-01 -2.7256e+00 +2.9426e+00 -6.5687e-01 +3.3358e-01 -5.7403e-01 -1.7901e+00 -6.7844e-01
63 +1.544589663e+06 +1.544589663e+06 +1.544484313e+06 +1.544484313e+06 +3.5255e+00 +3.2214e+00 -1.9787e+00 -2.4574e+00 +2.6675e-01 +6.1748e-01 -3.3033e+00 +1.5810e+00 -8.2359e-01 +2.5332e+00 -1.7836e+00 +3.5657e+00 +1.1634e+00 -1.3425e+00 -9.1992e-01 -4.0211e+00 +6.4684e-01 +8.0289e-01 -3.5327e+00 +1.0047e-01
169 +9.527646895e+05 +9.527646895e+05 +9.526593395e+05 +9.526593395e+05 +3.2783e+00 +2.4557e+00 -3.2872e+00 -2.2169e+00 +1.0803e+00 +2.4090e-01 -2.2084e+00 +1.1738e+00 -1.0157e+00 +1.9444e+00 +8.3035e-01 +3.5696e+00 +1.0774e+00 -1.1788e+00 +6.4013e-01 -2.5809e+00 +7.6499e-01 +1.1688e-01 -3.4228e+00 +8.5274e-01
663 +6.302472207e+05 +6.302472207e+05 +6.301418707e+05 +6.301418707e+05 +3.5028e+00 +2.1790e+00 -2.9376e+00 -2.2038e+00 +1.2408e+00 +3.7054e-01 -2.1655e+00 +1.3726e-01 -1.0810e+00 +3.5929e-01 -8.6479e-02 +3.5826e+00 +1.1051e+00 -1.4982e+00 -2.5087e-01 -3.0340e+00 +1.3279e+00 -5.7663e-01 -3.0836e+00 +5.0056e-01
% function evaluation | noise-free fitness - Fopt (1.000000000000e+03) | best noise-free fitness - Fopt | measured fitness | best measured fitness | x1 | x2...
1 +1.284828350e+07 +1.284828350e+07 +1.284928350e+07 +1.284928350e+07 +3.3563e+00 -3.7981e+00 +1.5949e+00 +2.7948e+00 -2.4847e+00 +2.6870e+00 -2.9800e+00 +1.9596e-01 -9.0318e-01 -2.3458e+00 +4.2938e+00 +1.1829e+00 +2.4381e-02 +6.4606e-01 -4.2242e+00 -4.0454e+00 -2.4139e+00 +1.5603e-01 -4.4499e+00 -2.8979e+00
2 +5.362969994e+06 +5.362969994e+06 +5.363969994e+06 +5.363969994e+06 -3.5510e+00 +2.5588e+00 +1.3984e+00 +4.2482e+00 -1.3936e+00 -3.9215e+00 -4.7104e+00 -4.9565e+00 -5.9035e-01 -3.1916e+00 -3.7381e+00 -1.3380e+00 -1.2531e+00 +3.9217e+00 -1.2067e+00 -4.5082e+00 -4.5133e+00 +3.9663e-01 +4.7623e-01 +3.8442e+00
19 +3.242852322e+06 +3.242852322e+06 +3.243852322e+06 +3.243852322e+06 +5.9962e-01 -6.8549e-01 +1.5001e+00 +2.9534e-01 -2.1844e+00 -6.4109e-01 -2.9292e+00 -9.0170e-01 -1.3793e+00 -2.9430e+00 -1.9589e+00 -1.2840e+00 +1.5006e+00 -3.0741e+00 +4.1730e+00 +1.3771e-02 -9.7551e-01 +4.0814e+00 -4.3068e+00 -3.4938e+00
23 +2.393134485e+06 +2.393134485e+06 +2.394134485e+06 +2.394134485e+06 -3.1779e+00 +4.4764e+00 +4.6702e+00 +1.4502e+00 +1.3379e+00 -1.6756e+00 -2.2450e+00 -2.5418e+00 -4.8121e+00 +1.2182e+00 +1.4432e-01 +4.5204e-01 +4.4084e+00 -3.5439e+00 +4.5382e+00 -3.3772e-01 +1.3837e+00 -3.1428e+00 -4.6284e+00 -3.7693e-01
78 +1.484962168e+06 +1.484962168e+06 +1.485962168e+06 +1.485962168e+06 -2.1187e+00 -3.1075e-01 +2.5183e+00 -7.6240e-01 +1.0369e+00 +8.3846e-01 -2.7230e+00 +2.0594e+00 -4.2033e+00 +1.2721e+00 +1.1208e-01 +2.7019e+00 -2.5462e+00 -3.2236e+00 +4.1848e+00 +5.0304e-01 +9.4599e-02 -3.0761e+00 -3.6709e+00 -2.3099e+00
129 +9.616834504e+05 +9.616834504e+05 +9.626834504e+05 +9.626834504e+05 -1.2863e+00 +9.3133e-01 +2.0960e+00 +1.9939e-01 +1.1792e+00 -6.4135e-02 -2.6895e+00 +1.5284e-01 -3.7952e+00 +5.2583e-01 +1.3139e-01 +2.0539e+00 -2.2026e-01 -2.4101e+00 +3.8690e+00 +6.0018e-01 +1.5621e-01 -2.4493e+00 -3.6520e+00 -8.0540e-01
237 +6.196204088e+05 +6.196204088e+05 +6.206204088e+05 +6.206204088e+05 -1.9127e+00 +2.3064e+00 +2.1947e+00 -4.9152e-01 +8.9780e-01 +3.1342e-01 -2.4008e+00 +2.7484e-01 -2.2841e+00 +1.2245e+00 +1.7058e-01 +2.6138e+00 -7.8060e-01 -1.6831e+00 +3.9187e+00 -6.0326e-02 -1.2127e-01 -2.5486e+00 -3.5431e+00 -1.0727e+00
% function evaluation | noise-free fitness - Fopt (3.462600000000e+02) | best noise-free fitness - Fopt | measured fitness | best measured fitness | x1 | x2...
1 +8.878548386e+07 +8.878548386e+07 +8.878583012e+07 +8.878583012e+07 +1.0277e+00 -4.8073e+00 -2.3536e+00 +4.9390e+00 -4.3793e+00 -2.8067e+00 -4.6871e+00 +1.6161e-01 +1.1023e+00 -3.8904e+00 +3.6144e+00 +3.8065e+00 +1.0352e+00 +3.6867e+00 +2.5876e-01 -2.6706e+00 +3.6141e+00 +4.2366e+00 +2.7104e+00 +1.3148e+00
2 +1.741188440e+07 +1.741188440e+07 +1.741223066e+07 +1.741223066e+07 +4.1326e+00 +3.3855e+00 -1.3785e+00 -1.4358e+00 -1.8155e+00 +2.5520e+00 +2.2891e+00 +4.8607e+00 +1.2798e+00 -7.8695e-01 +4.4979e+00 +4.0876e+00 -1.2608e+00 -3.7065e+00 +4.0434e+00 +3.0544e+00 +1.2743e+00 -3.6231e+00 +1.6461e+00 +1.8303e+00
3 +1.578656651e+07 +1.578656651e+07 +1.578691277e+07 +1.578691277e+07 +4.5255e+00 -4.9442e+00 +3.7560e+00 -3.5416e+00 -3.2318e+00 +3.9753e-01 +4.7250e+00 +4.6910e+00 -3.1095e+00 +3.4767e+00 +1.3169e+00 +3.2613e+00 -1.2479e+00 +2.6432e+00 +1.5002e+00 -2.3989e+00 -3.0354e+00 +3.6746e+00 +2.0666e+00 +4.0234e-01
6 +8.813338176e+06 +8.813338176e+06 +8.813684436e+06 +8.813684436e+06 -2.3952e+00 -3.7394e+00 -4.2586e+00 -2.8797e-01 -3.5709e+00 -1.8255e+00 -1.2034e+00 -2.6782e+00 +1.9894e+00 -2.5761e+00 +1.0540e+00 -3.7053e+00 +8.7597e-01 +3.6912e+00 -1.0783e+00 -1.2547e+00 +1.3644e+00 -4.4501e+00 -4.1062e+00 +1.0728e-02
15 +5.670864051e+06 +5.670864051e+06 +5.671210311e+06 +5.671210311e+06 +3.5443e+00 -1.6874e+00 -2.3235e+00 +9.5002e-01 +1.5090e+00 -8.2390e-01 +1.8539e+00 -3.3237e+00 +2.0139e-01 +1.1511e-01 +1.2066e+00 +3.4683e+00 +3.6957e+00 -8.6301e-02 -7.0187e-03 -3.6652e+00 +9.3799e-01 -2.0776e+00 +1.3152e+00 +4.4094e+00
36 +3.904013047e+06 +3.904013047e+06 +3.904359307e+06 +3.904359307e+06 -1.1615e+00 +2.5861e+00 -1.2709e-01 +4.9482e+00 +1.3908e+00 -1.3231e+00 -2.1075e+00 +2.1545e+00 +3.8717e+00 +2.8052e+00 -4.2343e+00 +2.6928e+00 -2.1914e-01 -2.5062e+00 +3.8847e+00 -2.0087e+00 -4.0685e+00 +4.5811e+00 +8.5080e-02 -1.4188e+00
46 +1.909053243e+06 +1.909053243e+06 +1.909399503e+06 +1.909399503e+06 -2.2014e+00 -3.2243e-01 -2.1112e+00 +2.9021e+00 +7.4824e-01 -1.6485e+00 -1.2831e+00 -2.2469e+00 +2.8260e+00 -1.0436e+00 -4.3122e-01 +1.4057e+00 +2.6934e-02 -2.2562e+00 +3.6976e+00 -1.3129e+00 -1.3872e+00 -1.9138e+00 -3.6747e+00 -1.0917e-01
109 +5.885329434e+05 +5.885329434e+05 +5.888792034e+05 +5.888792034e+05 -1.9249e+00 +7.0058e-01 +9.9518e-01 +2.5571e+00 +2.3619e-01 -1.5521e+00 -8.3612e-01 -1.9451e+00 +2.8083e+00 -1.5730e+00 -1.7888e+00 +2.8556e+00 -6.0858e-02 -2.2596e+00 +3.3424e+00 -1.3342e+00 -2.2442e+00 -3.2395e-01 -3.0430e+00 -1.4026e+00
169 +3.388130436e+05 +3.388130436e+05 +3.391593036e+05 +3.391593036e+05 -1.9310e+00 +1.6573e+00 -1.5809e-01 +2.7451e+00 +7.4389e-01 -1.6228e+00 -1.1568e+00 -2.0231e+00 +3.0315e+00 -1.4283e+00 -1.3979e+00 +1.7259e+00 -8.1428e-02 -2.2385e+00 +3.4227e+00 -1.2436e+00 -2.0125e+00 -6.2165e-01 -2.2084e+00 -1.6650e+00
% function evaluation | noise-free fitness - Fopt (1.407900000000e+02) | best noise-free fitness - Fopt | measured fitness | best measured fitness | x1 | x2...
1 +1.308426440e+07 +1.308426440e+07 +1.308440519e+07 +1.308440519e+07 +2.4720e+00 +4.4352e+00 +3.8000e+00 +1.1770e+00 -7.1876e-01 +3.3595e+00 -3.4566e+00 -5.6965e-01 +1.8320e+00 -2.9027e+00 +1.5761e+00 +3.7052e+00 -3.1036e+00 -1.1683e+00 -3.8946e+00 -3.1860e+00 +3.0152e+00 -1.2420e+00 -4.1584e+00 -4.4628e+00
4 +7.581692434e+06 +7.581692434e+06 +7.581833224e+06 +7.581833224e+06 +8.1665e-02 +1.9952e+00 +3.8022e+00 +1.9916e+00 +3.2468e+00 +2.2311e-01 -1.2626e+00 -1.6625e+00 -4.1015e+00 +3.6507e+00 -1.3597e+00 +1.1630e+00 -2.9578e+00 +2.7301e+00 +1.2242e+00 -9.2278e-02 -4.0369e+00 +2.5936e-01 +6.0901e-01 +1.0805e+00
9 +5.496165617e+06 +5.496165617e+06 +5.496306407e+06 +5.496306407e+06 -3.2396e+00 -3.0302e+00 -4.5183e+00 +2.1933e+00 +9.6254e-01 +2.3665e+00 +1.3155e+00 -2.4461e+00 -6.1177e-03 -8.8519e-01 -1.3738e+00 +3.9907e+00 -4.5643e+00 -2.0228e+00 +2.5980e-01 -4.8587e+00 +2.9333e+00 -2.1990e+00 +1.9981e+00 +4.2946e+00
10 +3.834052169e+06 +3.834052169e+06 +3.834192959e+06 +3.834192959e+06 -4.3505e+00 +1.8311e+00 -1.3541e+00 -3.4508e+00 +2.3527e+00 +3.8565e+00 -8.4612e-01 -3.7458e+00 -1.9008e+00 +4.3863e+00 -7.2688e-01 +4.2079e+00 +3.5731e+00 +2.1787e+00 -2.4853e+00 -1.7430e+00 -1.1754e+00 -3.8300e+00 +2.0243e+00 +5.7813e-01
47 +1.309142201e+06 +1.309142201e+06 +1.309282991e+06 +1.309282991e+06 +2.2908e+00 -1.5610e-01 -3.0121e+00 -2.3842e+00 +1.2162e+00 +3.4675e+00 +2.8035e+00 +8.2150e-01 -3.9776e-01 +2.8088e+00 -1.5332e+00 +3.9826e+00 +2.6674e+00 +1.4938e+00 -2.8635e+00 -7.0332e-01 +2.6402e+00 -2.5763e+00 +4.2402e-02 -1.1341e+00
83 +6.444179263e+05 +6.444179263e+05 +6.445587163e+05 +6.445587163e+05 +1.4029e+00 +7.5696e-01 -2.9187e+00 -3.6595e+00 +7.8577e-01 +3.3505e+00 +1.6170e+00 -1.8392e-01 -4.7255e-01 +2.9160e+00 -1.9465e+00 +3.9234e+00 +2.1337e+00 +1.1252e+00 -9.4404e-01 -1.0639e+00 +1.0925e+00 -1.9226e+00 +7.4554e-01 -4.5703e-01
127 +2.386376475e+05 +2.386376475e+05 +2.387784375e+05 +2.387784375e+05 +2.1717e+00 +6.8111e-01 -2.9222e+00 -3.5055e+00 +8.1373e-01 +3.4463e+00 +2.2015e+00 +5.8382e-01 -4.2099e-01 +2.8692e+00 -1.6200e+00 +3.9477e+00 +2.6345e+00 +1.3068e+00 -1.5611e+00 -7.6597e-01 +2.0214e+00 -2.1668e+00 +1.5316e-01 -9.6526e-01
279 +1.533262798e+05 +1.533262798e+05 +1.534670698e+05 +1.534670698e+05 +1.9297e+00 +2.1653e-01 -2.9565e+00 -3.2716e+00 +9.1725e-01 +3.3554e+00 +1.9710e+00 -9.5884e-02 -4.5278e-01 +2.8497e+00 -1.7673e+00 +4.0430e+00 +2.5005e+00 +1.5566e+00 -1.5846e+00 -8.8509e-01 +2.5873e+00 -2.1135e+00 +1.2778e-01 -5.7098e-01
% function evaluation | noise-free fitness - Fopt (-4.677200000000e+02) | best noise-free fitness - Fopt | measured fitness | best measured fitness | x1 | x2...
1 +4.767936675e+06 +4.767936675e+06 +4.767468955e+06 +4.767468955e+06 -2.8528e+00 +2.0317e+00 -1.6553e+00 +3.9332e+00 -2.6097e+00 -1.8044e+00 +2.6583e+00 +2.2412e+00 -4.6276e+00 -2.0334e+00 -1.9491e+00 -3.2463e+00 -1.3858e-01 +2.4611e+00 +2.8725e+00 +2.4809e-01 -1.7776e+00 -4.5500e-01 -4.1240e+00 +4.0927e-01
22 +1.402278319e+06 +1.402278319e+06 +1.401810599e+06 +1.401810599e+06 +1.3134e+00 +2.9902e+00 +3.9323e+00 -3.7882e+00 +1.5468e+00 -4.8322e+00 +3.2763e+00 +2.6598e+00 +4.3118e+00 -2.3855e+00 -2.4479e+00 +2.5808e-01 -3.1768e+00 -7.7748e-01 -3.6026e+00 +2.5203e+00 +7.9602e-01 -6.2578e-01 +2.7896e+00 +3.1647e+00
83 +9.505825809e+05 +9.505825809e+05 +9.501148609e+05 +9.501148609e+05 +1.4550e+00 +3.0820e+00 +3.8451e+00 -2.9418e+00 -2.9911e-01 -4.5733e+00 +5.3703e-02 +2.6016e+00 +3.5828e+00 -1.0225e+00 -1.7768e+00 +2.4749e-01 -3.1365e+00 -2.6243e+00 -3.6825e+00 +2.4063e+00 +1.6140e+00 -9.1477e-01 +2.7599e+00 +3.1958e+00
92 +5.600235650e+05 +5.600235650e+05 +5.595558450e+05 +5.595558450e+05 +1.4548e+00 +2.6904e+00 +3.3789e+00 -3.0866e+00 +6.9290e-01 -3.9655e+00 +3.0704e+00 +2.3709e+00 +3.5804e+00 -2.0048e+00 -3.0394e+00 -8.6193e-01 -2.9989e+00 -7.6973e-01 -3.4373e+00 +2.4907e+00 +2.7750e-02 -6.3693e-01 +2.9204e+00 +2.5787e+00
118 +3.732462495e+05 +3.732462495e+05 +3.727785295e+05 +3.727785295e+05 +1.3893e+00 +1.3228e+00 +1.6744e+00 -3.6371e+00 +1.6489e+00 -4.7290e+00 +2.7218e+00 +2.5455e+00 +4.1367e+00 +2.5365e+00 -2.5720e+00 -1.7523e+00 -1.8556e+00 -2.1251e-01 -2.4676e+00 +2.4478e+00 +6.9019e-01 -3.1722e-01 +2.6948e+00 +1.5028e+00
203 +2.490106084e+05 +2.490106084e+05 +2.485428884e+05 +2.485428884e+05 +1.3717e+00 +1.4497e+00 +1.6659e+00 -2.7211e+00 +1.6433e+00 -4.5949e+00 +2.7204e+00 +2.5560e+00 +4.1123e+00 +2.4395e+00 -2.5135e+00 -1.4174e+00 -1.7851e+00 -3.4268e-01 -2.4054e+00 +2.4085e+00 +6.6896e-01 -3.1970e-01 +2.6939e+00 +1.4937e+00
% function evaluation | noise-free fitness - Fopt (-3.985700000000e+02) | best noise-free fitness - Fopt | measured fitness | best measured fitness | x1 | x2...
1 +8.283123362e+06 +8.283123362e+06 +8.282724792e+06 +8.282724792e+06 -4.6737e+00 +2.3844e-01 +1.9488e+00 +2.2480e-01 +3.2273e+00 +6.5503e-01 -4.0365e+00 -1.9468e+00 -4.0592e+00 -3.1253e+00 -3.5183e+00 -2.0993e+00 -2.2775e+00 +3.1865e+00 +9.4890e-01 +9.9298e-01 -1.4825e+00 -5.1017e-02 -4.1980e+00 +2.0124e+00
14 +4.568504908e+06 +4.568504908e+06 +4.568106338e+06 +4.568106338e+06 +9.8700e-01 -4.9934e+00 +2.3296e+00 -9.2461e-01 -3.5366e+00 +4.7058e+00 -3.6932e+00 -1.5159e+00 +4.0380e+00 +4.9443e+00 -9.3044e-01 -3.4923e+00 +1.5312e+00 +8.4880e-01 +7.8332e-01 +4.1184e+00 -2.0159e+00 -1.0864e-01 -1.1486e+00 +9.8733e-01
47 +1.797303966e+06 +1.797303966e+06 +1.796905396e+06 +1.796905396e+06 +4.0221e-01 +2.4996e+00 +1.6703e+00 +2.9425e+00 -7.4773e-01 +1.5761e+00 -2.9867e+00 -2.2535e+00 +2.2394e+00 +4.7612e+00 -4.4120e-03 -1.4857e+00 +1.4789e+00 +1.5251e+00 +8.4764e-01 +1.8047e+00 -2.1770e+00 -2.4245e+00 -7.8034e-01 -2.4478e+00
92 +1.432616347e+06 +1.432616347e+06 +1.432217777e+06 +1.432217777e+06 +4.8611e-01 +1.0839e+00 -3.3683e-01 +2.7142e+00 -5.3088e-01 +1.5761e+00 -2.9459e+00 -2.3852e-01 +4.0822e+00 +3.1091e+00 +8.2920e-01 -6.8864e-01 +1.1405e+00 +1.2616e+00 -8.4781e-01 +3.1595e+00 -2.3116e+00 +9.7275e-01 +2.4163e+00 +2.4220e-01
185 +9.928759566e+05 +9.928759566e+05 +9.924773866e+05 +9.924773866e+05 +5.7297e-01 +2.4015e+00 +1.0396e+00 +2.3858e+00 -1.4272e-01 +1.9370e+00 -2.9853e+00 -2.3173e+00 +2.6013e+00 +4.3547e+00 -3.2532e-01 -1.1558e+00 +1.4095e+00 +9.0801e-01 +5.4476e-01 +3.1993e+00 -1.9913e+00 -8.4897e-01 -3.5466e-01 -1.2161e+00
% function evaluation | noise-free fitness - Fopt (3.958000000000e+01) | best noise-free fitness - Fopt | measured fitness | best measured fitness | x1 | x2...
1 +1.169243345e+07 +1.169243345e+07 +1.169247303e+07 +1.169247303e+07 -1.4330e+00 -1.4492e+00 +4.3575e+00 +3.8348e-01 -1.8450e+00 -2.4448e+00 -1.3191e+00 +3.0340e+00 -2.0338e-01 +6.9953e-01 +5.0041e-01 +3.2466e+00 -1.2082e+00 -4.5424e+00 +4.0902e-01 +2.0014e+00 -2.7864e+00 +2.8621e+00 -2.2136e+00 -2.2440e+00
8 +8.004516250e+06 +8.004516250e+06 +8.004555830e+06 +8.004555830e+06 +1.7990e+00 -7.3851e-01 -6.5617e-01 -1.9899e+00 -1.9483e+00 +5.1525e-01 +3.5564e+00 +3.3621e+00 -4.7445e+00 +2.8286e+00 -2.0585e-01 -4.6210e+00 -4.7116e+00 +2.0805e+00 +3.2322e+00 +2.8256e+00 +7.5954e-01 -3.2656e+00 +1.2862e-01 -2.0464e+00
26 +3.748567327e+06 +3.748567327e+06 +3.748606907e+06 +3.748606907e+06 +4.0599e+00 -3.4720e+00 -1.6128e+00 +1.4744e+00 -6.7881e-01 -4.2431e+00 +1.4399e+00 +7.2466e-01 -2.1976e+00 +3.3661e+00 -3.9647e+00 -2.7734e+00 -4.6420e+00 +3.0268e+00 -1.7241e+00 +2.9026e+00 +4.4000e-01 -1.3607e-01 +8.0416e-01 -1.5969e-01
81 +2.248068695e+06 +2.248068695e+06 +2.248108275e+06 +2.248108275e+06 +3.3678e+00 -2.7542e+00 +1.1870e+00 +1.1222e+00 -1.2546e+00 -2.4027e+00 +1.1493e+00 +1.0938e+00 +8.7207e-01 +1.4590e+00 -2.5893e+00 -6.5172e-01 -3.4308e+00 -9.2968e-02 -1.4847e+00 +2.5734e+00 +8.5442e-01 +5.4674e-01 -6.7382e-02 -4.5621e-01
152 +1.554537804e+06 +1.554537804e+06 +1.554577384e+06 +1.554577384e+06 +3.5073e+00 -1.8507e+00 -1.7020e+00 +4.8391e-01 -1.5288e+00 -2.1537e+00 +1.2238e+00 +6.1951e-01 +7.4528e-02 +4.9237e-01 -1.9235e+00 -9.2624e-01 -4.1529e+00 +2.1443e+00 -1.2881e+00 +1.8786e+00 +2.0649e+00 -1.1747e+00 +8.4304e-02 -5.5361e-02
2120 +9.450829706e+05 +9.450829706e+05 +9.451225506e+05 +9.451225506e+05 +3.7244e+00 -1.6991e+00 -6.5537e-01 +4.4759e-01 -2.2237e+00 -2.2027e+00 +1.2888e+00 +1.3819e-01 +3.0946e-01 +6.4545e-01 -2.8767e+00 -8.1721e-01 -2.9374e+00 +2.5112e+00 -1.3084e+00 +2.6592e+00 +2.5142e+00 -4.4659e-01 +9.2193e-02 -8.9475e-03
% function evaluation | noise-free fitness - Fopt (2.719000000000e+01) | best noise-free fitness - Fopt | measured fitness | best measured fitness | x1 | x2...
1 +1.219844450e+07 +1.219844450e+07 +1.219847169e+07 +1.219847169e+07 -2.3264e+00 -2.7533e+00 -4.0878e+00 -9.6522e-01 -1.3200e+00 +1.6271e+00 -4.1412e+00 +4.1190e+00 +4.9762e+00 -9.2981e-01 +3.2462e+00 -2.7841e+00 +1.1870e+00 -6.8311e-01 +3.8755e+00 +3.8357e+00 -1.0533e+00 -2.3852e-01 +1.6653e-01 +3.6079e+00
5 +9.113536420e+06 +9.113536420e+06 +9.113563610e+06 +9.113563610e+06 -4.3005e+00 -4.7077e+00 +4.5234e+00 +4.6060e+00 -8.7585e-01 +4.9642e+00 +4.6239e+00 +9.2908e-01 +4.5241e+00 +1.8812e+00 +2.1337e+00 +4.5833e+00 -2.1516e+00 +6.7987e-01 +7.8950e-01 -3.1595e+00 +1.1735e-01 +2.4764e+00 -3.3763e+00 -1.7382e+00
19 +3.956358188e+06 +3.956358188e+06 +3.956385378e+06 +3.956385378e+06 -3.6411e+00 +4.4340e+00 +1.2626e+00 -3.9336e+00 +4.1618e+00 -4.3620e+00 -1.1993e+00 +2.6214e+00 +2.1743e+00 -1.7591e+00 +4.1676e+00 -4.2830e+00 +2.2188e+00 +1.2622e+00 -2.1602e+00 +4.2326e+00 +1.8107e-01 -2.4549e+00 +4.7570e+00 +4.0494e+00
79 +1.882819376e+06 +1.882819376e+06 +1.882846566e+06 +1.882846566e+06 -1.3677e+00 +4.6713e+00 +1.6764e+00 -1.1803e-01 +3.9448e+00 -8.2373e-01 -2.3705e-01 +1.9970e-01 +2.2841e+00 -1.5525e+00 -7.3617e-01 -3.6432e+00 -1.1767e+00 +1.8833e+00 -2.0321e+00 +3.9994e+00 +9.2274e-01 +6.8610e-01 +3.9919e+00 -1.2030e+00
81 +1.062945193e+06 +1.062945193e+06 +1.062972383e+06 +1.062972383e+06 -3.0875e+00 -8.9435e-01 +1.1885e+00 -1.4480e+00 +3.8150e+00 +6.8757e-01 -2.3641e+00 +5.1347e-01 +3.5229e+00 -1.4956e+00 +2.6455e+00 -2.8933e+00 +3.2605e-01 +9.7470e-01 -1.9436e+00 +3.9192e+00 +3.7558e-01 -8.3049e-01 +3.9757e+00 +1.2675e+00
133 +7.856128272e+05 +7.856128272e+05 +7.856400172e+05 +7.856400172e+05 -1.7066e+00 -5.9215e-01 +1.1655e+00 -1.4366e+00 +3.3587e+00 -3.4686e-02 -2.1646e+00 +7.0023e-01 +2.6745e+00 -1.4751e+00 +1.8377e+00 -3.2235e+00 +1.0565e+00 +5.8462e-01 -2.7046e+00 +3.5661e+00 +3.7196e-01 -3.1934e-01 +3.9656e+00 -1.4758e+00
166 +5.658606532e+05 +5.658606532e+05 +5.658878432e+05 +5.658878432e+05 -1.8587e+00 +9.7172e-01 +3.0708e+00 -1.6276e+00 +3.4706e+00 -1.4856e-02 -2.1643e+00 +7.4191e-01 +3.0475e+00 -1.5470e+00 +1.9842e+00 -3.1107e+00 +6.9598e-01 +6.1424e-01 -2.1631e+00 +3.7319e+00 -3.6209e-01 -2.7604e-01 +3.8956e+00 +9.1755e-01
266 +3.568744804e+05 +3.568744804e+05 +3.569016704e+05 +3.569016704e+05 -2.2438e+00 -4.3147e-01 +1.7109e+00 -1.0110e+00 +3.6949e+00 -3.0210e-01 -2.2659e+00 +6.0301e-01 +3.1901e+00 -1.4839e+00 +1.2432e+00 -3.2081e+00 +4.7457e-01 +7.1174e-01 -1.4046e+00 +3.6946e+00 +5.5905e-01 -4.5709e-01 +3.9874e+00 -8.2873e-01
863 +2.481004869e+05 +2.481004869e+05 +2.481276769e+05 +2.481276769e+05 -1.8575e+00 -9.1815e-02 +1.6900e+00 -1.0154e+00 +3.5475e+00 -2.6298e-01 -2.2801e+00 +6.3707e-01 +3.3829e+00 -1.4863e+00 +1.1792e+00 -3.1995e+00 +4.8740e-01 +7.0655e-01 -2.1834e+00 +3.7617e+00 +5.4527e-01 -4.7565e-01 +3.9859e+00 -8.6263e-01
% function evaluation | noise-free fitness - Fopt (-5.940000000000e+00) | best noise-free fitness - Fopt | measured fitness | best measured fitness | x1 | x2...
1 +2.009739211e+07 +2.009739211e+07 +2.009738617e+07 +2.009738617e+07 -7.0989e-01 +4.4404e+00 -2.6707e+00 -3.0030e+00 +2.3009e+00 +1.4555e+00 +1.2676e+00 -4.1890e+00 +2.4320e+00 +3.9912e+00 -2.7974e+00 +3.4511e+00 -6.4479e-01 -1.4601e+00 -1.2788e+00 +2.1564e+00 +3.0929e+00 +3.0174e+00 -7.1638e-01 +2.1258e+00
4 +3.760778796e+06 +3.760778796e+06 +3.760772856e+06 +3.760772856e+06 +1.9821e+00 +3.8122e+00 +2.6005e+00 -4.6998e+00 +2.5775e+00 +9.6035e-01 -4.1820e-01 -2.1749e+00 +4.9517e+00 +4.9802e+00 -4.5056e+00 -1.0965e+00 -1.3523e+00 +3.5395e+00 -4.4932e+00 -3.2251e-01 +1.8650e+00 +4.5761e+00 -4.4960e+00 -2.6288e+00
74 +2.449561850e+06 +2.449561850e+06 +2.449555910e+06 +2.449555910e+06 +3.8549e+00 -1.0094e+00 +1.2466e+00 +4.3084e-01 -9.5986e-01 -1.6920e-02 -3.7537e+00 -2.0626e+00 +3.5174e+00 -5.9247e-01 +1.3536e+00 -1.0167e+00 +6.6907e-01 -1.9033e-01 -4.2742e+00 -3.7568e-01 +2.4103e-01 +2.5627e+00 -1.5209e+00 +1.5841e+00
114 +1.361478019e+06 +1.361478019e+06 +1.361472079e+06 +1.361472079e+06 +3.8549e+00 -1.0094e+00 +1.2466e+00 +4.3084e-01 -9.5986e-01 -1.6920e-02 -1.5543e+00 -2.0626e+00 +3.5174e+00 -5.9247e-01 +1.3536e+00 -1.0167e+00 +6.6907e-01 -1.9033e-01 -4.2742e+00 -3.7568e-01 +2.4103e-01 +2.5627e+00 -1.5209e+00 +1.5841e+00
287 +9.740307134e+05 +9.740307134e+05 +9.740247734e+05 +9.740247734e+05 +3.8040e+00 -3.7536e-01 +1.3949e+00 +4.2852e-01 -8.5878e-01 -5.9343e-01 -1.7373e+00 -2.0671e+00 +3.4868e+00 +1.1408e+00 +8.8688e-01 -8.1832e-01 +4.1143e-01 -2.4133e-01 -4.0813e+00 -2.8144e-01 +2.8878e-01 +2.5683e+00 -1.6958e+00 +1.3504e+00
% function evaluation | noise-free fitness - Fopt (2.269000000000e+01) | best noise-free fitness - Fopt | measured fitness | best measured fitness | x1 | x2...
1 +1.626039667e+07 +1.626039667e+07 +1.626041936e+07 +1.626041936e+07 -2.3735e+00 -5.6039e-01 +3.7497e+00 +3.7649e+00 -5.7969e-01 +3.9613e+00 +5.3822e-01 +2.8912e+00 -1.4373e+00 -2.7526e+00 -2.5606e+00 -1.1274e+00 +2.1380e+00 +6.1502e-01 +2.2303e+00 +2.8894e+00 -3.3935e+00 -1.4786e+00 -1.5334e+00 -1.5933e+00
11 +7.010724820e+06 +7.010724820e+06 +7.010747510e+06 +7.010747510e+06 +2.0670e+00 -1.7402e+00 +3.5454e+00 +1.8354e+00 +1.7435e+00 -1.4957e-02 +4.7422e+00 +2.5795e+00 -4.2440e+00 +1.6558e-01 -1.1799e+00 -1.6033e+00 +4.2658e+00 +2.2190e+00 +1.1281e+00 +3.9415e+00 -3.0046e+00 -3.2933e+00 -3.1288e+00 -1.3456e+00
20 +6.036145988e+06 +6.036145988e+06 +6.036168678e+06 +6.036168678e+06 +2.4116e+00 +1.8221e+00 +4.1455e+00 -3.6831e+00 +4.4901e+00 +4.6994e+00 +3.8981e+00 +2.4710e+00 -1.7104e+00 -4.8810e+00 -2.2409e+00 +1.2394e+00 -4.1659e+00 +1.5196e+00 +6.2914e-01 +8.8192e-01 -3.4133e+00 +4.3836e+00 +1.1180e+00 -7.9135e-01
74 +2.848951556e+06 +2.848951556e+06 +2.848974246e+06 +2.848974246e+06 +2.1425e+00 +1.1393e+00 +3.8396e-01 -1.6488e+00 +1.7587e+00 +4.6160e+00 +3.7949e+00 -2.0188e+00 +3.2234e+00 -4.8001e+00 -4.7211e+00 +4.6263e-01 +1.3506e-01 +1.2475e-01 +7.3146e-01 +6.0055e-01 -2.2614e+00 +2.5399e+00 -7.1640e-02 +1.9903e+00
161 +2.327982405e+06 +2.327982405e+06 +2.328005095e+06 +2.328005095e+06 +2.1127e+00 +1.0052e+00 +1.7662e+00 -1.4619e+00 +1.6278e+00 +4.6115e+00 +3.7497e+00 -1.1228e-01 +2.8636e+00 -4.3697e+00 -4.5842e+00 +4.8846e-01 -5.0275e-01 +2.6561e-01 +8.4985e-01 +5.7376e-01 -1.1395e+00 +1.4967e-02 -1.2578e-01 +8.4323e-01
196 +1.104524819e+06 +1.104524819e+06 +1.104547509e+06 +1.104547509e+06 +2.7878e+00 +1.5048e+00 +1.1137e+00 -1.6500e+00 +1.7091e+00 +4.5764e+00 +3.7920e+00 +1.2829e-01 +1.5544e+00 -4.5271e+00 -4.7021e+00 +5.6006e-01 +2.6110e-02 +1.3902e-01 +7.2341e-01 +5.3907e-01 -2.2469e+00 -4.4726e-01 +2.4872e-02 +1.4468e+00
425 +9.706825371e+05 +9.706825371e+05 +9.707052271e+05 +9.707052271e+05 +2.7556e+00 +1.5026e+00 +1.2768e+00 -1.6510e+00 +1.7096e+00 +4.5696e+00 +3.7912e+00 +1.2791e-01 +1.8196e+00 -4.8634e+00 -4.6771e+00 +5.5989e-01 +6.4903e-02 +1.3958e-01 +7.2183e-01 +5.3887e-01 -2.2854e+00 -4.2310e-01 +2.5242e-02 +1.4032e+00
