% function evaluation | noise-free fitness - Fopt (-5.465000000000e+02) | best noise-free fitness - Fopt | measured fitness | best measured fitness | x1 | x2...
1 +1.513161434e+05 +1.513161434e+05 +1.507696434e+05 +1.507696434e+05 -4.2551e+00 +3.4029e+00 -4.7166e+00 -5.1206e-01 -7.1172e-01 +3.4261e+00 -1.6530e+00 -2.6402e+00 -4.2024e+00 -4.8516e+00
2 +3.749603839e+04 +3.749603839e+04 +3.694953839e+04 +3.694953839e+04 +3.3812e+00 -2.2496e+00 +2.5037e+00 -4.8539e+00 +7.2913e-01 -4.1793e+00 +2.5509e+00 -1.0103e+00 -4.0218e+00 +2.5218e+00
10 +1.736142353e+04 +1.736142353e+04 +1.681492353e+04 +1.681492353e+04 +3.5508e+00 +2.1156e+00 +3.3284e+00 -6.5260e-01 -1.2254e-01 -6.2912e-01 -2.2148e+00 +1.1046e+00 -4.7566e+00 +1.9325e+00
42 +1.326208768e+04 +1.326208768e+04 +1.271558768e+04 +1.271558768e+04 +3.4420e+00 -2.2085e+00 +2.7152e+00 -4.3516e+00 +3.2048e-01 -1.3509e+00 -2.1351e+00 +5.7839e-01 -4.1203e+00 +2.1435e+00
46 +3.283516557e+03 +3.283516557e+03 +2.737016557e+03 +2.737016557e+03 +3.2626e+00 +1.1753e+00 +4.0833e+00 -5.8715e-01 -4.6528e-01 -3.8298e+00 -3.9577e-01 +2.5085e-01 -2.8954e+00 +2.1212e+00
64 +1.984041090e+03 +1.984041090e+03 +1.437541090e+03 +1.437541090e+03 +3.4090e+00 -2.2927e+00 +1.2288e-01 -1.3653e+00 +2.4078e-01 -1.3059e+00 -2.7362e+00 +2.0139e+00 -2.1507e+00 +1.6551e+00
85 +6.800726638e+02 +6.800726638e+02 +1.335726638e+02 +1.335726638e+02 +3.4664e+00 +4.1556e-01 +1.0658e+00 -2.6171e-01 -1.6871e-02 -1.0259e+00 -2.7136e+00 +1.9577e+00 -2.4981e+00 +3.8165e-01
98 +4.120642170e+02 +4.120642170e+02 -1.344357830e+02 -1.344357830e+02 +3.3984e+00 -7.6611e-01 +2.9865e-01 -9.9082e-01 -7.9993e-02 -1.7498e+00 -2.5641e+00 +4.5321e-01 -2.4581e+00 +1.4113e+00
114 +1.257436467e+02 +1.257436467e+02 -4.207563533e+02 -4.207563533e+02 +3.0505e+00 -6.0636e-01 +1.9698e-01 -1.1662e+00 +2.6821e-01 -2.6411e-01 -1.1922e+00 +2.1101e+00 -1.9544e+00 +1.4876e+00
123 +4.256146493e+00 +4.256146493e+00 -5.422438535e+02 -5.422438535e+02 +2.3545e+00 +1.4779e+00 +2.1917e+00 -1.1540e+00 +2.6394e-01 -9.2634e-01 -1.2394e+00 +2.1191e+00 -2.0190e+00 +1.6688e+00
190 +3.824640922e+00 +3.824640922e+00 -5.426753591e+02 -5.426753591e+02 +2.4510e+00 +1.3199e+00 +8.1863e-01 -1.1595e+00 +2.6684e-01 -5.7704e-01 -1.2205e+00 +2.1164e+00 -1.9836e+00 +1.5422e+00
1070 +2.447723502e+00 +2.447723502e+00 -5.440522765e+02 -5.440522765e+02 +2.5029e+00 +1.3204e+00 +2.1837e+00 -1.1657e+00 +2.4916e-01 -6.4533e-01 -1.1950e+00 +1.9178e+00 -2.1568e+00 +1.5076e+00
% function evaluation | noise-free fitness - Fopt (1.000000000000e+03) | best noise-free fitness - Fopt | measured fitness | best measured fitness | x1 | x2...
1 +5.765574022e+04 +5.765574022e+04 +5.865574022e+04 +5.865574022e+04 -5.7356e-01 -7.4456e-03 +1.4893e+00 -3.8861e+00 -4.7007e+00 +2.0529e+00 +4.8420e+00 +4.2878e+00 -1.8162e+00 +3.6719e-01
7 +2.746514363e+04 +2.746514363e+04 +2.846514363e+04 +2.846514363e+04 -4.5774e+00 +4.0209e+00 -1.0855e+00 -1.3052e+00 -1.0425e+00 +3.7828e+00 +9.8301e-01 +8.4749e-01 -1.8563e-01 -4.9213e+00
15 +1.793722536e+04 +1.793722536e+04 +1.893722536e+04 +1.893722536e+04 +1.0125e-01 -2.6593e+00 +3.3796e+00 -2.9780e+00 -2.7128e+00 +4.1398e-01 -1.4085e+00 -1.0741e+00 -1.4117e+00 +3.0404e-01
47 +1.788737716e+03 +1.788737716e+03 +2.788737716e+03 +2.788737716e+03 -4.3973e+00 +2.5075e+00 +4.6348e-01 -1.9249e+00 -1.9021e+00 +1.6766e+00 -9.6150e-01 +2.6798e-01 -1.3339e+00 -1.5094e+00
85 +1.230831645e+03 +1.230831645e+03 +2.230831645e+03 +2.230831645e+03 -3.3636e+00 +9.3244e-02 +3.3995e-01 -2.1135e+00 -2.1292e+00 -6.4634e-01 -1.0931e+00 -9.5403e-02 -9.9254e-01 -1.1229e+00
116 +1.454703330e+02 +1.454703330e+02 +1.145470333e+03 +1.145470333e+03 -2.0803e+00 +2.5075e+00 +4.6348e-01 -1.9249e+00 -1.9021e+00 +1.6766e+00 -9.6150e-01 +2.6798e-01 -1.3339e+00 -1.5094e+00
130 +3.953928518e+01 +3.953928518e+01 +1.039539285e+03 +1.039539285e+03 -2.1197e+00 +1.4756e+00 +9.5523e-01 -1.0396e+00 -2.0268e+00 +9.8442e-01 -9.6558e-01 +3.8728e-01 -1.3334e+00 -1.2102e+00
151 +1.185370386e+01 +1.185370386e+01 +1.011853704e+03 +1.011853704e+03 -9.1343e-01 +2.3468e+00 +1.0383e+00 -2.3642e+00 -2.0569e+00 +1.6387e+00 -9.2634e-01 +9.0945e-01 -1.1341e+00 -8.4271e-01
160 +7.073081080e+00 +7.073081080e+00 +1.007073081e+03 +1.007073081e+03 -2.5769e+00 +1.0121e+00 +7.9760e-01 -1.9012e+00 -5.7434e-01 +8.6355e-01 -1.8746e+00 +7.7903e-01 -1.3423e+00 -8.5523e-01
167 +4.249456650e+00 +4.249456650e+00 +1.004249457e+03 +1.004249457e+03 -2.3447e+00 +1.0121e+00 +7.9760e-01 -1.9012e+00 -5.7434e-01 +8.6355e-01 -1.8746e+00 +7.7903e-01 -1.3423e+00 -8.5523e-01
208 +3.482114076e+00 +3.482114076e+00 +1.003482114e+03 +1.003482114e+03 -2.4472e+00 +1.2444e+00 +3.7814e-01 -1.9075e+00 -6.2904e-01 +8.9222e-01 -1.8363e+00 +7.2980e-01 -1.1376e+00 -9.3592e-01
368 +2.228241293e+00 +2.228241293e+00 +1.002228241e+03 +1.002228241e+03 -2.3563e+00 +1.1079e+00 +4.9847e-01 -2.7496e+00 -6.2838e-01 +6.6938e-01 -1.8067e+00 +6.8539e-01 -1.1510e+00 -1.1967e+00
% function evaluation | noise-free fitness - Fopt (2.083800000000e+02) | best noise-free fitness - Fopt | measured fitness | best measured fitness | x1 | x2...
1 +2.236838039e+05 +2.236838039e+05 +2.238921839e+05 +2.238921839e+05 +2.8435e+00 -4.4049e+00 -2.2319e+00 +5.5776e-01 +1.0373e+00 -3.5657e+00 -3.0293e+00 -3.9842e+00 +3.3140e+00 +2.5872e+00
3 +8.040717365e+04 +8.040717365e+04 +8.061555365e+04 +8.061555365e+04 -2.0611e+00 +1.0314e+00 +3.4217e+00 -4.7492e+00 -2.4825e+00 -1.9830e+00 +2.8076e-01 +6.9170e-01 +3.7556e-01 -1.8793e+00
6 +7.716722250e+03 +7.716722250e+03 +7.925102250e+03 +7.925102250e+03 -7.6290e-01 +3.6943e+00 -1.8624e-01 +4.1351e+00 +3.7511e+00 -1.5646e+00 +2.4992e+00 +2.7786e-01 -3.1422e+00 +2.2868e+00
56 +1.169537695e+03 +1.169537695e+03 +1.377917695e+03 +1.377917695e+03 -1.8744e+00 +2.8082e+00 -1.8538e+00 +8.4033e-01 +3.6128e+00 -9.2608e-01 +1.4428e+00 +1.0068e+00 -2.1370e+00 +1.2875e+00
61 +8.991343921e+02 +8.991343921e+02 +1.107514392e+03 +1.107514392e+03 -7.2338e-01 +1.6395e+00 +1.8414e+00 +3.4021e+00 +1.1700e+00 -3.1588e-01 +2.4218e+00 +2.7756e-01 -2.7790e+00 +2.0983e+00
85 +2.626015535e+02 +2.626015535e+02 +4.709815535e+02 +4.709815535e+02 -3.5398e-01 +3.4483e+00 -1.1666e-01 +3.2124e+00 +1.1907e+00 +1.9040e+00 +2.4472e+00 +1.3627e-01 -2.5644e+00 +2.1528e+00
122 +3.827855489e+00 +3.827855489e+00 +2.122078555e+02 +2.122078555e+02 -3.8770e-01 +1.6524e+00 -5.6406e-02 +1.2718e+00 +1.4660e+00 +9.8245e-01 +2.3694e+00 +6.4615e-01 -1.4130e+00 +2.0188e+00
205 +2.509615697e+00 +2.509615697e+00 +2.108896157e+02 +2.108896157e+02 -3.8126e-01 +2.5761e+00 -7.3913e-02 +1.4922e+00 +1.4341e+00 +1.1067e+00 +2.4404e+00 +5.7223e-01 -2.4066e+00 +2.0380e+00
% function evaluation | noise-free fitness - Fopt (-1.449600000000e+02) | best noise-free fitness - Fopt | measured fitness | best measured fitness | x1 | x2...
1 +1.232314189e+05 +1.232314189e+05 +1.230864589e+05 +1.230864589e+05 -9.2744e-01 +1.0008e+00 -4.1651e+00 -7.9642e-01 +4.2036e+00 -3.9948e+00 +1.1578e+00 -3.6623e+00 -3.6957e+00 +2.0735e+00
3 +3.602161902e+04 +3.602161902e+04 +3.587665902e+04 +3.587665902e+04 -4.9275e+00 +4.7339e+00 -1.9495e-01 -4.7065e+00 +2.4723e+00 +3.0869e+00 +1.0326e+00 +4.8612e-01 +1.9996e+00 +2.9397e+00
5 +1.479208285e+04 +1.479208285e+04 +1.464712285e+04 +1.464712285e+04 -4.7978e+00 -1.3290e+00 -2.1487e+00 -2.7848e+00 -9.5980e-01 +4.3966e+00 -3.0047e+00 +3.2903e+00 -1.2802e-01 +3.2369e+00
45 +5.110477481e+03 +5.110477481e+03 +4.965517481e+03 +4.965517481e+03 -1.2936e+00 -1.6686e+00 -1.1202e+00 +1.8129e+00 +1.2933e-01 +4.2282e+00 -1.5110e+00 +3.1166e+00 -5.9377e-01 +2.7968e+00
46 +3.149708674e+03 +3.149708674e+03 +3.004748674e+03 +3.004748674e+03 -1.1327e+00 -2.8046e+00 +8.3966e-01 +1.7321e+00 +1.5011e-01 +3.0461e+00 +8.5967e-01 +2.2641e+00 -3.3283e-02 +1.1476e+00
123 +1.454006809e+03 +1.454006809e+03 +1.309046809e+03 +1.309046809e+03 -2.7794e+00 -1.4976e+00 +1.6640e-01 +1.4263e+00 +3.2754e-01 +3.1080e+00 +6.3258e-01 +2.2075e+00 -7.1506e-01 +1.5103e+00
124 +3.813538513e+02 +3.813538513e+02 +2.363938513e+02 +2.363938513e+02 -1.1261e+00 -2.6837e+00 +7.8938e-01 +9.2921e-02 +1.5244e-01 +2.2231e+00 +4.9495e-01 +2.2851e+00 -2.2936e+00 +1.2787e+00
179 +2.207488341e+02 +2.207488341e+02 +7.578883408e+01 +7.578883408e+01 -1.1261e+00 -2.6837e+00 +7.8938e-01 +9.2921e-02 +1.5244e-01 +2.6809e+00 +4.9495e-01 +2.2851e+00 -2.2936e+00 +1.2787e+00
228 +8.994042530e+01 +8.994042530e+01 -5.501957470e+01 -5.501957470e+01 -1.0474e+00 -2.7074e+00 +7.9159e-01 +2.3815e-01 +1.5233e-01 +3.1117e+00 -8.8560e-02 +2.3032e+00 -2.1039e+00 +1.2721e+00
248 +2.822020367e+01 +2.822020367e+01 -1.167397963e+02 -1.167397963e+02 -1.0893e+00 -2.5536e+00 +7.9810e-01 +4.0632e-01 +1.5239e-01 +2.6771e+00 +5.7659e-02 +1.8568e+00 -1.8525e+00 +9.4949e-01
259 +1.349157135e+01 +1.349157135e+01 -1.314684287e+02 -1.314684287e+02 -1.0474e+00 -2.7074e+00 +7.9159e-01 +2.3815e-01 +1.5233e-01 +2.9175e+00 -8.8560e-02 +2.3032e+00 -2.1039e+00 +1.2721e+00
297 +6.631198783e+00 +6.631198783e+00 -1.383288012e+02 -1.383288012e+02 -1.0512e+00 -2.6835e+00 +7.9100e-01 +1.0068e-01 +1.5191e-01 +2.8978e+00 +1.8196e-01 +2.2023e+00 -2.1093e+00 +1.2670e+00
400 +6.168649521e+00 +6.168649521e+00 -1.387913505e+02 -1.387913505e+02 -1.0566e+00 -2.6850e+00 +7.9095e-01 +1.0161e-01 +1.5204e-01 +2.8915e+00 +2.3611e-01 +2.2372e+00 -2.1112e+00 +1.2680e+00
% function evaluation | noise-free fitness - Fopt (-6.300000000000e+00) | best noise-free fitness - Fopt | measured fitness | best measured fitness | x1 | x2...
1 +3.532053421e+05 +3.532053421e+05 +3.531990421e+05 +3.531990421e+05 -1.5983e+00 +3.8413e+00 -2.9132e+00 +3.1143e+00 +4.3991e+00 +2.8528e+00 +3.9490e+00 +3.5722e+00 -4.8818e+00 -3.5584e+00
2 +7.223208946e+04 +7.223208946e+04 +7.222578946e+04 +7.222578946e+04 +4.3889e+00 -1.3097e+00 -1.7074e+00 +8.4487e-01 -1.3627e+00 +7.7815e-02 +2.2523e+00 +8.9161e-01 -3.4306e+00 +1.3940e+00
3 +3.908910317e+04 +3.908910317e+04 +3.908280317e+04 +3.908280317e+04 +4.5771e+00 +2.3095e+00 -1.6473e+00 +2.1127e-02 -1.0148e+00 -5.0042e-01 -2.0374e+00 -2.7444e+00 +2.8808e+00 -2.0280e+00
19 +1.689222746e+04 +1.689222746e+04 +1.688592746e+04 +1.688592746e+04 +4.8605e+00 -2.5442e-01 -4.1317e+00 -2.4281e+00 +2.1466e+00 -2.5362e+00 +3.4684e+00 +5.2561e-01 +2.4671e+00 +2.8056e+00
22 +1.055206797e+04 +1.055206797e+04 +1.054576797e+04 +1.054576797e+04 +1.1735e+00 -1.4467e+00 +2.6065e+00 -8.0866e-01 -1.8761e+00 +8.0995e-01 +4.1681e+00 +1.1218e+00 +1.5762e+00 +3.3723e+00
36 +8.377691614e+03 +8.377691614e+03 +8.371391614e+03 +8.371391614e+03 +4.2004e+00 +2.9035e+00 -3.6159e+00 -2.7744e+00 -1.7277e+00 +1.5872e+00 +2.3249e+00 -3.2951e+00 +7.9994e-01 +8.5997e-01
37 +1.621622257e+03 +1.621622257e+03 +1.615322257e+03 +1.615322257e+03 -1.8820e+00 -4.4811e+00 -2.6040e+00 +1.6296e+00 -2.1454e+00 -3.1144e-01 -1.7806e-01 -2.7990e+00 +1.0373e+00 +1.2945e+00
62 +3.472271452e+00 +3.472271452e+00 -2.827728548e+00 -2.827728548e+00 +3.0385e-01 -2.0421e+00 -1.3118e-01 -5.0088e-01 -2.1136e+00 +3.2982e-02 +2.5686e+00 -5.4599e-01 +1.2471e+00 +1.9722e+00
375 +2.374636031e+00 +2.374636031e+00 -3.925363969e+00 -3.925363969e+00 -7.2324e-01 -2.0470e+00 -8.7150e-02 -4.9556e-01 -2.0887e+00 -7.3920e-02 +2.5501e+00 -5.4256e-01 +2.4776e+00 +1.9698e+00
% function evaluation | noise-free fitness - Fopt (-2.004200000000e+02) | best noise-free fitness - Fopt | measured fitness | best measured fitness | x1 | x2...
1 +8.045028837e+04 +8.045028837e+04 +8.024986837e+04 +8.024986837e+04 -1.9954e+00 -4.9516e+00 -1.3325e+00 +2.4212e+00 +4.9302e-01 +4.7123e-03 -3.0165e+00 +3.5265e+00 -6.2176e-01 +6.6033e-01
4 +3.327487229e+04 +3.327487229e+04 +3.307445229e+04 +3.307445229e+04 +6.5321e-01 +1.9326e+00 -1.1382e+00 +1.7141e+00 -7.3664e-01 -3.6938e+00 -2.4341e+00 -4.9067e-01 +4.0800e+00 -2.8780e+00
26 +1.903273687e+04 +1.903273687e+04 +1.883231687e+04 +1.883231687e+04 -2.4717e+00 +4.4022e+00 +4.6754e+00 -3.4800e+00 +2.8853e+00 +7.9229e-01 -9.2566e-01 +6.0118e-02 +1.8922e+00 -3.4967e+00
29 +1.514328554e+04 +1.514328554e+04 +1.494286554e+04 +1.494286554e+04 -4.4830e-01 -2.6613e+00 +4.9918e+00 -3.7362e-01 +6.0702e-01 -1.6306e+00 -3.5854e+00 -1.3147e+00 +3.3045e+00 -2.9959e+00
46 +3.851862006e+03 +3.851862006e+03 +3.651442006e+03 +3.651442006e+03 +3.5290e+00 -5.0181e-01 +2.0580e+00 -1.2528e-01 -2.9675e+00 -8.0525e-01 +3.9394e-01 -1.7051e-01 +1.3827e+00 -2.4146e+00
57 +2.455735337e+03 +2.455735337e+03 +2.255315337e+03 +2.255315337e+03 -1.9794e+00 -3.0125e+00 +2.1783e+00 +9.3614e-01 -1.0274e+00 +1.5516e+00 -4.0202e-01 -2.8190e+00 +9.2622e-01 -2.7259e+00
92 +1.277153212e+02 +1.277153212e+02 -7.270467880e+01 -7.270467880e+01 +1.2667e+00 -2.0860e+00 +8.0894e-01 +9.7490e-01 -4.9334e-01 +3.4564e-01 -1.5216e+00 -1.4103e+00 +9.3940e-01 -1.9306e+00
128 +3.706053550e+01 +3.706053550e+01 -1.633594645e+02 -1.633594645e+02 -5.4082e-01 -1.3150e+00 +9.1165e-01 +2.6896e-01 -6.0013e-01 +7.6405e-02 -1.4460e+00 -3.5099e-01 +1.1944e+00 -2.5435e+00
172 +4.356963220e+00 +4.356963220e+00 -1.960630368e+02 -1.960630368e+02 -1.2719e-01 -1.3212e+00 +8.8240e-01 +6.1597e-01 -5.1507e-01 +1.7028e-01 -1.4730e+00 -4.0272e-01 +1.0937e+00 -1.9680e+00
208 +3.885254300e+00 +3.885254300e+00 -1.965347457e+02 -1.965347457e+02 -1.6329e-01 -1.3205e+00 +8.8535e-01 +5.7090e-01 -5.9717e-01 +1.5338e-01 -1.4529e+00 -3.9944e-01 +1.1363e+00 -2.2966e+00
% function evaluation | noise-free fitness - Fopt (-2.348100000000e+02) | best noise-free fitness - Fopt | measured fitness | best measured fitness | x1 | x2...
1 +1.339492852e+05 +1.339492852e+05 +1.337144752e+05 +1.337144752e+05 +4.8300e+00 -3.5820e+00 -4.0882e+00 +2.6538e+00 -2.3167e+00 -3.4591e+00 +1.3453e+00 -4.7366e+00 -1.9883e+00 -2.8362e+00
2 +9.560027409e+04 +9.560027409e+04 +9.536546409e+04 +9.536546409e+04 -8.2988e-01 -4.2542e+00 +1.0006e+00 -1.5451e+00 -4.9546e+00 +3.0764e+00 +4.9681e+00 +4.1657e+00 -2.3683e+00 -3.0815e+00
3 +1.380084522e+04 +1.380084522e+04 +1.356603522e+04 +1.356603522e+04 +1.7303e+00 -6.1192e-01 +4.4305e+00 -6.9582e-01 +1.0161e+00 -4.1394e-01 +3.6454e+00 -6.3722e-01 -2.8722e+00 -4.9400e-02
45 +9.152097196e+03 +9.152097196e+03 +8.917287196e+03 +8.917287196e+03 +1.2392e+00 -1.3564e-01 +1.0705e+00 -3.2523e+00 -1.6746e+00 -1.0070e-01 +1.6352e+00 -1.5590e-01 -3.2832e+00 +2.0259e+00
46 +2.427518320e+03 +2.427518320e+03 +2.192708320e+03 +2.192708320e+03 +1.5947e+00 +1.5828e+00 +1.0723e-01 -1.0014e-01 -1.2055e+00 -5.7617e-01 +3.8883e+00 -6.4929e-01 -1.9440e+00 +5.7691e-01
104 +9.593130597e+02 +9.593130597e+02 +7.245030597e+02 +7.245030597e+02 +1.9468e+00 +1.1022e+00 +6.3829e-01 -3.8460e-01 -1.8019e+00 -2.6233e-01 +2.9108e+00 -6.0753e-01 -2.2421e+00 +7.4049e-01
201 +4.454266901e+02 +4.454266901e+02 +2.106166901e+02 +2.106166901e+02 +2.0503e+00 +1.1497e+00 +1.0048e+00 -3.1560e-01 -1.1858e+00 -5.6191e-01 +2.9868e+00 -1.2222e-01 -2.2290e+00 +6.2716e-01
204 +2.502707290e+02 +2.502707290e+02 +1.546072903e+01 +1.546072903e+01 +1.9008e+00 +1.1375e+00 +7.8482e-01 -5.4334e-01 -8.0661e-01 -2.9543e-01 +2.9119e+00 -1.3819e-01 -2.2405e+00 +7.2838e-01
211 +1.555531643e+02 +1.555531643e+02 -7.925683566e+01 -7.925683566e+01 +1.8775e+00 +1.1235e+00 +6.5277e-01 -1.1304e-02 -1.5694e+00 -3.1326e-01 +2.8025e+00 -1.8369e-01 -2.2359e+00 +7.1791e-01
313 +9.407323047e+01 +9.407323047e+01 -1.407367695e+02 -1.407367695e+02 +1.8784e+00 +1.1275e+00 +7.6025e-01 -2.4981e-01 -1.5469e+00 -3.0983e-01 +2.9692e+00 -1.3598e-01 -2.2361e+00 +7.1451e-01
% function evaluation | noise-free fitness - Fopt (8.710000000000e+00) | best noise-free fitness - Fopt | measured fitness | best measured fitness | x1 | x2...
1 +1.008570096e+05 +1.008570096e+05 +1.008657196e+05 +1.008657196e+05 +5.4135e-01 +4.5843e-01 +2.7336e+00 -2.5665e+00 -2.4456e+00 -4.3070e+00 +4.6974e+00 -2.3271e+00 -3.5734e+00 -9.4429e-01
4 +6.989187647e+04 +6.989187647e+04 +6.990058647e+04 +6.990058647e+04 -4.6850e+00 +3.2798e+00 -1.6716e+00 -2.8228e+00 +2.6956e+00 +2.5640e+00 -1.3746e+00 +3.0281e+00 +1.6565e+00 -1.3391e+00
5 +3.518429482e+04 +3.518429482e+04 +3.519300482e+04 +3.519300482e+04 +4.7211e+00 +3.4724e+00 +3.7864e+00 -2.7279e+00 +1.7972e+00 +2.6177e+00 +1.4657e+00 +8.2086e-01 +1.0935e+00 -1.9140e+00
45 +1.895023003e+04 +1.895023003e+04 +1.895894003e+04 +1.895894003e+04 -1.0113e-01 +3.3212e+00 +3.2798e+00 +3.1670e+00 -2.9689e+00 +2.5673e+00 +1.4609e+00 +6.8988e-01 -1.1622e-01 -3.0508e+00
46 +1.335060038e+04 +1.335060038e+04 +1.335931038e+04 +1.335931038e+04 -7.4177e-01 +1.7956e+00 -4.0237e+00 +1.9214e+00 -2.2628e+00 +2.5873e+00 -7.7923e-01 -5.7125e-01 +2.2982e-01 -2.6513e+00
58 +8.406963874e+03 +8.406963874e+03 +8.415673874e+03 +8.415673874e+03 -3.7761e-01 +1.7686e+00 -1.6289e+00 -4.4209e-01 +1.3376e-01 -1.2082e+00 +9.0418e-01 -2.0098e+00 -4.6308e-01 -1.4044e+00
61 +5.718217205e+03 +5.718217205e+03 +5.726927205e+03 +5.726927205e+03 +2.0490e-02 -5.8635e-02 -5.2805e-01 -1.1963e+00 -4.0952e+00 +1.7321e+00 +1.2155e+00 -9.4603e-01 -1.8507e+00 -5.8044e-01
91 +1.888448988e+03 +1.888448988e+03 +1.897158988e+03 +1.897158988e+03 +3.7353e-01 -2.9239e-01 -1.8945e+00 -1.1912e+00 -3.5933e+00 +1.8701e+00 -4.3836e-01 -5.8792e-01 -1.7365e+00 -2.1615e+00
121 +1.001128798e+03 +1.001128798e+03 +1.009838798e+03 +1.009838798e+03 +3.4761e-01 -1.7297e-01 -1.1611e+00 -1.2968e+00 -3.0419e+00 +5.9665e-01 +2.5733e-01 -8.2841e-01 -1.8243e+00 -1.3164e+00
123 +2.349843194e+02 +2.349843194e+02 +2.436943194e+02 +2.436943194e+02 -8.6554e-02 +3.8314e-01 +1.6591e+00 -2.6417e-01 -3.1842e+00 +1.8083e+00 -4.3415e-01 -4.7166e-01 -1.7695e+00 -1.9171e+00
164 +8.056058413e+01 +8.056058413e+01 +8.927058413e+01 +8.927058413e+01 -1.2037e-01 +3.6638e-01 +1.3266e+00 -2.6943e-01 -1.6913e+00 +2.1461e+00 -3.6922e-01 -4.7891e-01 -1.3916e+00 -1.8486e+00
244 +5.793041120e+01 +5.793041120e+01 +6.664041120e+01 +6.664041120e+01 -8.2458e-01 -8.8890e-02 +3.7532e-01 +5.4641e-01 -3.2214e+00 +1.7085e+00 -3.3103e-01 -8.6930e-01 -1.7408e+00 -2.0061e+00
353 +3.585172153e+01 +3.585172153e+01 +4.456172153e+01 +4.456172153e+01 -2.8695e-01 -8.8914e-02 +3.9789e-01 +6.3857e-01 -3.1921e+00 +1.6977e+00 -3.3244e-01 -9.0282e-01 -1.7462e+00 -1.0583e+00
% function evaluation | noise-free fitness - Fopt (-4.178000000000e+01) | best noise-free fitness - Fopt | measured fitness | best measured fitness | x1 | x2...
1 +1.394008971e+05 +1.394008971e+05 +1.393591171e+05 +1.393591171e+05 -4.2935e+00 -2.6577e+00 +3.9994e+00 -4.4692e+00 -1.5372e+00 +4.1363e+00 -2.8312e+00 -2.2815e+00 -2.8621e+00 -2.3608e+00
2 +7.717796943e+04 +7.717796943e+04 +7.713618943e+04 +7.713618943e+04 +3.0837e+00 +3.4699e+00 +3.3940e+00 +3.9924e+00 +3.2195e-01 +6.1308e-01 -2.4286e+00 -3.3229e+00 -1.4974e+00 -2.9731e+00
3 +5.436733307e+04 +5.436733307e+04 +5.432555307e+04 +5.432555307e+04 -1.5277e+00 +1.9015e+00 -3.2111e+00 +3.1187e+00 -6.8822e-01 +1.8255e+00 +2.1219e+00 -2.6218e+00 +7.3196e-01 -1.8976e+00
7 +1.600894018e+04 +1.600894018e+04 +1.596716018e+04 +1.596716018e+04 +1.8097e+00 -2.6446e+00 -3.5568e+00 -2.3660e+00 +7.5869e-01 -2.4434e+00 +2.6161e+00 -4.2433e-01 -4.7492e+00 +5.8170e-01
36 +1.548753990e+04 +1.548753990e+04 +1.544575990e+04 +1.544575990e+04 +4.1983e+00 +6.6491e-01 +1.5175e+00 +4.6627e+00 -3.9454e+00 -3.3325e+00 -1.6898e+00 -3.9682e+00 -2.9833e-01 +1.8071e+00
45 +7.867130423e+03 +7.867130423e+03 +7.825350423e+03 +7.825350423e+03 -7.1418e-01 +1.3593e+00 -1.7168e+00 +4.1898e+00 -2.9867e+00 -3.5867e+00 +9.8468e-01 -1.0767e+00 -2.6735e+00 +2.7162e+00
53 +5.793679285e+03 +5.793679285e+03 +5.751899285e+03 +5.751899285e+03 +2.5451e+00 +1.5340e+00 +2.9413e+00 +2.7351e+00 -9.2070e-01 -1.9197e+00 -4.8105e-01 -3.7799e+00 -2.5817e+00 +9.6345e-01
88 +3.970993762e+03 +3.970993762e+03 +3.929213762e+03 +3.929213762e+03 -7.3835e-01 +1.4480e+00 +2.6350e+00 +3.8447e+00 -2.1278e+00 -2.1969e+00 -5.6688e-01 -2.3390e+00 +1.8016e-01 +1.1774e+00
132 +2.315970775e+03 +2.315970775e+03 +2.274190775e+03 +2.274190775e+03 +3.3390e+00 +9.6756e-01 +2.4728e+00 +2.4709e+00 -9.3677e-01 -2.1211e+00 -6.3423e-01 -3.2437e+00 -6.3414e-01 +2.2233e+00
171 +1.306587769e+03 +1.306587769e+03 +1.264807769e+03 +1.264807769e+03 +3.3782e+00 +5.6813e-01 +6.7074e-01 +2.7860e+00 -1.2217e+00 -2.4246e+00 -7.7669e-01 -2.4737e+00 -8.1764e-01 +1.6223e+00
190 +7.079667099e+02 +7.079667099e+02 +6.661867099e+02 +6.661867099e+02 +2.7703e+00 +1.0618e+00 +3.3763e-01 +2.6158e+00 -9.7316e-01 -2.9795e+00 -5.1410e-01 -3.3816e+00 -6.0856e-01 +1.4814e+00
261 +5.367049086e+02 +5.367049086e+02 +4.949249086e+02 +4.949249086e+02 +2.8252e+00 +1.0602e+00 +6.0740e-01 +2.5321e+00 -9.9846e-01 -2.9416e+00 -6.9828e-01 -3.0987e+00 -5.3188e-01 +1.5292e+00
340 +3.970287134e+02 +3.970287134e+02 +3.552487134e+02 +3.552487134e+02 +2.8177e+00 +1.0574e+00 +4.0299e-01 +2.5869e+00 -1.0056e+00 -2.9183e+00 -5.7809e-01 -3.1176e+00 -5.9005e-01 +1.6040e+00
% function evaluation | noise-free fitness - Fopt (-4.187000000000e+01) | best noise-free fitness - Fopt | measured fitness | best measured fitness | x1 | x2...
1 +1.573608127e+05 +1.573608127e+05 +1.573189427e+05 +1.573189427e+05 +4.4919e+00 -4.1534e+00 -2.4676e+00 +4.3486e+00 -4.8503e+00 -2.0214e-01 +2.7419e+00 +9.3545e-01 +2.4528e+00 -4.6410e+00
2 +6.516309027e+04 +6.516309027e+04 +6.512122027e+04 +6.512122027e+04 -1.3601e+00 -1.9160e+00 +8.9286e-01 +4.6016e+00 +3.8916e+00 +9.6452e-01 +3.3154e+00 -2.4999e+00 +1.3344e+00 -1.9281e+00
7 +4.624530308e+04 +4.624530308e+04 +4.620343308e+04 +4.620343308e+04 +9.6037e-01 +3.2759e+00 +4.5907e+00 +3.9729e+00 -2.5731e+00 -4.8497e+00 -1.4413e+00 -4.3600e+00 +7.0449e-01 +1.8340e-01
8 +3.807110652e+04 +3.807110652e+04 +3.802923652e+04 +3.802923652e+04 -4.9133e+00 -2.6023e+00 +1.7850e+00 -1.6290e+00 +9.8350e-01 -3.1291e+00 -7.8846e-01 -1.1946e+00 +2.1919e+00 -1.2928e+00
16 +2.480784273e+04 +2.480784273e+04 +2.476597273e+04 +2.476597273e+04 -1.0307e+00 +3.3675e+00 -3.5814e-01 -4.4002e+00 -3.4514e+00 +2.5743e+00 -1.9741e+00 -1.8218e+00 +3.9307e+00 +1.2946e+00
21 +7.339400135e+03 +7.339400135e+03 +7.297530135e+03 +7.297530135e+03 +2.0414e+00 -1.6790e+00 -1.1819e-01 +2.2349e+00 -1.6950e+00 -1.2432e+00 -9.6491e-01 +9.7054e-02 -1.1229e-01 +6.7399e-01
49 +5.141235871e+03 +5.141235871e+03 +5.099365871e+03 +5.099365871e+03 +2.0249e+00 -1.7533e+00 -4.0501e-01 +2.1216e+00 +4.8367e-01 +7.1952e-01 -2.5139e+00 +7.5874e-01 +1.3712e-01 +2.0754e+00
56 +3.901863948e+03 +3.901863948e+03 +3.859993948e+03 +3.859993948e+03 -5.3066e-02 +1.7555e+00 -1.3689e-01 -2.5813e+00 -2.6894e+00 -3.3324e-01 -1.7339e+00 -1.0767e+00 +2.2846e+00 +8.2796e-01
60 +1.124845277e+03 +1.124845277e+03 +1.082975277e+03 +1.082975277e+03 +1.3937e+00 -1.4311e+00 -1.9518e+00 +8.7140e-01 -1.0396e+00 +1.0174e+00 -1.1579e+00 +1.2741e-01 +1.0266e+00 +2.3082e+00
87 +5.816981568e+02 +5.816981568e+02 +5.398281568e+02 +5.398281568e+02 +1.4779e+00 +1.0795e+00 +3.6513e-01 +2.2501e+00 -1.0589e+00 +7.3902e-01 -1.2246e+00 -9.9759e-04 +7.9122e-01 +1.5131e+00
88 +1.343252780e+01 +1.343252780e+01 -2.843747220e+01 -2.843747220e+01 +1.1858e+00 -1.4719e+00 +5.9799e-01 +7.4641e-01 -5.7324e-01 +6.2810e-01 -9.8517e-01 -4.4146e-01 +1.0272e+00 +1.7637e+00
125 +4.914682449e+00 +4.914682449e+00 -3.695531755e+01 -3.695531755e+01 +1.4365e+00 -1.5197e+00 +2.9048e-01 +8.9037e-01 -1.0083e+00 +6.0374e-01 -1.1460e+00 -7.4586e-01 +9.2050e-01 +1.3288e+00
166 +3.249540302e+00 +3.249540302e+00 -3.862045970e+01 -3.862045970e+01 +1.0534e+00 -4.7615e-01 -8.5475e-02 +7.7583e-01 -8.9417e-01 +5.3119e-01 -8.7760e-01 -5.2582e-01 +8.8866e-01 +1.7185e+00
% function evaluation | noise-free fitness - Fopt (4.792100000000e+02) | best noise-free fitness - Fopt | measured fitness | best measured fitness | x1 | x2...
1 +2.920383895e+04 +2.920383895e+04 +2.968304895e+04 +2.968304895e+04 +3.2738e-01 +2.8378e+00 +4.8432e+00 -1.2198e+00 -3.1386e+00 -5.6807e-01 -2.0970e+00 +6.4136e-01 +3.9479e+00 -1.9770e+00
43 +1.469680893e+04 +1.469680893e+04 +1.517601893e+04 +1.517601893e+04 -1.0307e-02 +1.0833e+00 -2.9573e+00 +2.5223e+00 +6.0875e-01 +2.9131e+00 +8.1489e-01 +2.0902e+00 +3.4022e+00 +7.4870e-01
52 +7.694974429e+03 +7.694974429e+03 +8.174184429e+03 +8.174184429e+03 -1.1875e+00 -3.0232e+00 +2.9124e+00 -3.3212e+00 +8.4658e-01 -1.0855e+00 -3.4791e-02 +1.7164e+00 +1.3711e+00 +3.0151e+00
53 +3.229014494e+03 +3.229014494e+03 +3.708224494e+03 +3.708224494e+03 +1.0322e+00 -3.0369e+00 +2.3592e+00 -2.2233e+00 +4.1662e-01 +1.3907e+00 +7.2374e-01 +3.0261e+00 +8.8249e-01 +1.8536e+00
113 +8.399898027e+02 +8.399898027e+02 +1.319199803e+03 +1.319199803e+03 +1.0502e+00 -1.8749e+00 +1.3677e+00 +1.2063e-01 -3.2616e+00 +1.8776e-01 +1.1567e-02 +2.9092e+00 +7.8069e-01 +1.1308e+00
116 +5.447606948e+02 +5.447606948e+02 +1.023970695e+03 +1.023970695e+03 +2.2143e-01 -1.8390e+00 +3.1961e-01 -1.7764e+00 +1.6648e-01 +1.8935e+00 +1.8537e-01 +2.1088e+00 +1.1444e-01 +1.6913e+00
138 +3.582575894e+02 +3.582575894e+02 +8.374675894e+02 +8.374675894e+02 +2.2143e-01 -1.8390e+00 +3.1961e-01 -1.7764e+00 +1.6648e-01 +1.8935e+00 +1.8537e-01 +2.5356e+00 +1.1444e-01 +1.6913e+00
174 +2.303383529e+01 +2.303383529e+01 +5.022438353e+02 +5.022438353e+02 +2.8338e-01 -1.1592e+00 +8.7112e-01 -1.6879e+00 +5.8038e-01 +1.8660e+00 +7.2704e-02 +2.4133e+00 +1.0827e+00 +1.6997e+00
259 +5.120379670e+00 +5.120379670e+00 +4.843303797e+02 +4.843303797e+02 +2.1605e-01 -1.1627e+00 +6.9406e-01 -1.9196e+00 +5.7644e-01 +1.9460e+00 -1.0735e-01 +2.4206e+00 +1.1013e+00 +1.5733e+00
321 +3.962518743e+00 +3.962518743e+00 +4.831725187e+02 +4.831725187e+02 +2.3723e-01 -1.2672e+00 +6.4756e-01 -1.8943e+00 +5.7179e-01 +1.8682e+00 -4.2696e-02 +2.6913e+00 +1.0869e+00 +1.6525e+00
% function evaluation | noise-free fitness - Fopt (1.000000000000e+03) | best noise-free fitness - Fopt | measured fitness | best measured fitness | x1 | x2...
1 +5.012541677e+04 +5.012541677e+04 +5.112541677e+04 +5.112541677e+04 -4.1653e+00 -2.8043e+00 +1.7013e+00 -3.6218e+00 -1.1000e+00 +3.7864e+00 +1.8711e+00 +3.7620e+00 +2.1891e+00 +1.8636e+00
2 +2.995419801e+04 +2.995419801e+04 +3.095419801e+04 +3.095419801e+04 +2.8281e+00 +4.0422e+00 -3.7107e-01 -4.9576e+00 +2.1241e+00 -9.2418e-01 +2.2343e+00 -5.2625e-01 +3.4135e+00 +1.3108e+00
14 +1.465370231e+04 +1.465370231e+04 +1.565370231e+04 +1.565370231e+04 -4.7316e+00 -1.7658e+00 +4.3091e+00 +3.0435e+00 +3.3635e+00 -1.2498e+00 -4.6221e+00 +8.4145e-01 +2.1903e+00 +2.4737e+00
41 +4.763658762e+03 +4.763658762e+03 +5.763658762e+03 +5.763658762e+03 -4.3958e+00 -2.1583e+00 +4.0969e+00 +1.7961e+00 +2.1079e+00 -7.7165e-01 +5.3376e-01 +1.2973e+00 +2.1893e+00 +1.9114e+00
42 +3.303091733e+02 +3.303091733e+02 +1.330309173e+03 +1.330309173e+03 +2.7709e+00 -1.2711e+00 +1.1312e-01 +1.0067e+00 +2.2323e+00 -1.0473e+00 -1.6048e+00 +1.3928e-01 +2.3355e+00 +1.6968e+00
90 +1.377710122e+02 +1.377710122e+02 +1.137771012e+03 +1.137771012e+03 +2.7709e+00 -1.2711e+00 +2.3175e+00 +1.0067e+00 +2.2323e+00 -1.0473e+00 -1.6048e+00 +1.3928e-01 +2.3355e+00 +1.6968e+00
109 +5.780564082e+01 +5.780564082e+01 +1.057805641e+03 +1.057805641e+03 +9.8676e-01 -1.4553e+00 +2.7310e+00 +7.0077e-01 +1.3894e+00 -1.2833e+00 -2.5567e+00 +1.1602e+00 +2.2831e+00 +5.1864e-01
138 +4.370389177e+00 +4.370389177e+00 +1.004370389e+03 +1.004370389e+03 +1.0232e+00 -1.3935e+00 +2.0796e+00 +9.0212e-01 +1.9874e+00 -4.2855e-01 -2.5376e+00 +3.1306e-01 +1.9965e+00 +2.1524e+00
156 +3.756473308e+00 +3.756473308e+00 +1.003756473e+03 +1.003756473e+03 +1.7705e+00 -1.3987e+00 +2.2850e+00 +8.7694e-01 +1.9647e+00 -1.1603e+00 -2.2948e+00 +5.8163e-01 +2.3099e+00 +1.5156e+00
254 +2.355610123e+00 +2.355610123e+00 +1.002355610e+03 +1.002355610e+03 +1.4821e+00 -1.4212e+00 +2.3279e+00 +6.0558e-01 +1.7118e+00 -1.1839e+00 -2.2931e+00 +5.7581e-01 +2.0922e+00 +1.7436e+00
% function evaluation | noise-free fitness - Fopt (-1.610900000000e+02) | best noise-free fitness - Fopt | measured fitness | best measured fitness | x1 | x2...
1 +1.646156983e+05 +1.646156983e+05 +1.644546083e+05 +1.644546083e+05 +1.0341e+00 +4.0399e+00 +1.5342e+00 +3.1651e+00 -4.3027e+00 -1.9366e+00 -2.9311e+00 +1.3564e+00 -3.4549e-01 +4.9879e+00
3 +7.713489458e+04 +7.713489458e+04 +7.697380458e+04 +7.697380458e+04 -4.8858e+00 +2.6070e+00 -4.4727e+00 -9.3186e-01 +1.3667e+00 +4.3963e+00 +2.7034e+00 -4.0547e+00 -1.0820e+00 -2.4765e+00
4 +5.330785711e+04 +5.330785711e+04 +5.314676711e+04 +5.314676711e+04 -4.4638e+00 +4.8514e+00 -2.5078e+00 -2.7241e+00 -4.3314e+00 -1.6749e+00 +3.3764e+00 -1.6637e+00 -5.4190e-01 -4.8185e+00
17 +3.812026727e+04 +3.812026727e+04 +3.795917727e+04 +3.795917727e+04 -2.7857e+00 -4.0780e+00 -3.9682e+00 -2.9068e+00 +3.3185e+00 +2.7850e+00 -1.6647e+00 +1.4406e+00 -1.3555e+00 -1.4106e+00
24 +1.545689220e+04 +1.545689220e+04 +1.529580220e+04 +1.529580220e+04 +3.4959e+00 -3.6912e+00 +1.6384e+00 +8.8288e-01 -3.9651e+00 -7.0122e-02 -3.6298e+00 -1.7390e+00 +3.3015e-02 -3.8231e+00
41 +7.638913076e+03 +7.638913076e+03 +7.477823076e+03 +7.477823076e+03 +1.7049e+00 +3.1598e+00 +1.5784e+00 +1.1334e+00 -4.1305e+00 -1.7824e+00 -3.0028e+00 +9.0489e-01 -2.2479e-01 -1.4691e+00
46 +4.885823265e+03 +4.885823265e+03 +4.724733265e+03 +4.724733265e+03 +6.9285e-01 -6.9371e-01 -9.3581e-02 +6.2815e-01 -2.7358e+00 -2.0808e+00 -3.3332e+00 -2.8728e-01 +5.8244e-02 -1.5659e+00
52 +3.964425293e+03 +3.964425293e+03 +3.803335293e+03 +3.803335293e+03 -8.5611e-01 -1.6240e+00 +7.4802e-01 +2.3521e-01 -2.5829e+00 -3.4607e+00 -2.7706e+00 -5.7687e-01 -8.0072e-01 -2.8585e+00
65 +9.881841281e+02 +9.881841281e+02 +8.270941281e+02 +8.270941281e+02 -4.3703e-01 -2.4669e+00 -1.0245e+00 +1.1181e+00 -3.7630e+00 +5.8962e-01 -2.2177e+00 -1.5936e+00 -6.3878e-01 -2.5471e+00
135 +4.390066649e+02 +4.390066649e+02 +2.779166649e+02 +2.779166649e+02 +8.4436e-01 -1.9925e+00 +4.0458e-01 +7.5807e-01 -2.7581e+00 +5.7743e-01 -7.0500e-01 -1.7093e+00 -6.1347e-01 -2.4464e+00
164 +2.560697256e+02 +2.560697256e+02 +9.497972559e+01 +9.497972559e+01 -2.5455e-01 -2.0515e+00 +5.6240e-02 -5.8761e-01 -2.9549e+00 +5.1639e-01 -7.0706e-01 -1.6436e+00 -4.7693e-01 -2.6371e+00
178 +2.492907011e+02 +2.492907011e+02 +8.820070115e+01 +8.820070115e+01 -7.1997e-02 -2.0555e+00 -7.8810e-01 +9.1214e-01 -3.1948e+00 +5.5672e-01 -2.5917e+00 -1.6511e+00 -6.2053e-01 -2.4514e+00
216 +1.519800648e+02 +1.519800648e+02 -9.109935225e+00 -9.109935225e+00 +6.4663e-01 -1.6414e+00 -6.2475e-01 +9.0975e-01 -3.2269e+00 +4.8478e-01 -8.2127e-01 -1.5955e+00 -6.1810e-01 -1.7789e+00
225 +9.014941558e+01 +9.014941558e+01 -7.094058442e+01 -7.094058442e+01 +1.5277e-01 -1.7152e+00 -5.5789e-01 +8.3209e-01 -3.0195e+00 +4.0802e-01 -9.5535e-01 -1.5576e+00 -6.1731e-01 -2.4598e+00
% function evaluation | noise-free fitness - Fopt (1.231900000000e+02) | best noise-free fitness - Fopt | measured fitness | best measured fitness | x1 | x2...
1 +1.159673780e+05 +1.159673780e+05 +1.160905680e+05 +1.160905680e+05 +1.7415e-01 -3.7838e+00 -2.8009e+00 +4.1360e-02 -4.3931e+00 +2.9274e+00 -3.6475e+00 -4.4275e-01 +1.8778e+00 -4.1894e+00
2 +1.445799572e+04 +1.445799572e+04 +1.458118572e+04 +1.458118572e+04 +1.4196e+00 +1.0190e-01 -3.6275e+00 -2.7615e+00 +4.0666e+00 -6.1956e-01 -1.9443e+00 +2.6521e+00 +2.1405e+00 -2.1018e+00
43 +2.233192946e+03 +2.233192946e+03 +2.356382946e+03 +2.356382946e+03 +1.6691e+00 -6.3876e-01 +2.7607e+00 -1.9911e+00 -4.5666e-01 +5.0287e-02 +5.6749e-01 +3.3214e-01 +1.8066e+00 -2.0976e+00
68 +9.958438687e+02 +9.958438687e+02 +1.119033869e+03 +1.119033869e+03 +1.7743e+00 -3.1481e-01 -2.3524e+00 -3.1684e+00 +2.2111e+00 -3.9526e-01 +1.1680e+00 +2.2162e+00 +1.9585e+00 -2.5579e+00
125 +2.391249047e+02 +2.391249047e+02 +3.623149047e+02 +3.623149047e+02 -1.3657e-01 +2.0841e-01 -1.1547e+00 -3.1332e+00 +1.9733e+00 -5.3463e-01 +5.3945e-01 +1.6163e+00 +1.5606e+00 -2.3663e+00
160 +3.151500685e+00 +3.151500685e+00 +1.263415007e+02 +1.263415007e+02 +8.6455e-01 +3.7161e-01 -3.0271e+00 +7.9400e-02 +1.5735e+00 -8.1373e-01 +1.1268e+00 +1.8802e+00 +1.1901e+00 -2.3167e+00
169 +2.366462253e+00 +2.366462253e+00 +1.255564623e+02 +1.255564623e+02 +5.5322e-01 +3.5574e-01 -2.8075e+00 -1.5210e-01 +1.9045e+00 -7.8776e-01 +7.0758e-01 +1.3820e+00 +1.3074e+00 -2.3372e+00
% function evaluation | noise-free fitness - Fopt (-7.756000000000e+01) | best noise-free fitness - Fopt | measured fitness | best measured fitness | x1 | x2...
1 +1.223148851e+05 +1.223148851e+05 +1.222373251e+05 +1.222373251e+05 +4.2269e+00 +3.7221e+00 -2.8032e+00 +3.0811e+00 -1.7937e+00 +1.0569e+00 -2.0976e+00 +1.4494e+00 +6.5850e-01 -3.5636e+00
2 +2.208701094e+04 +2.208701094e+04 +2.200945094e+04 +2.200945094e+04 +4.5981e+00 +2.6510e+00 +1.0971e+00 -2.2381e+00 +2.6531e+00 -1.6279e+00 +2.1425e+00 +4.7592e+00 -1.3588e+00 +3.5323e+00
42 +1.355378383e+04 +1.355378383e+04 +1.347622383e+04 +1.347622383e+04 +3.7846e-01 +7.1689e-01 -1.1007e+00 -2.2224e+00 +1.5150e+00 -2.6168e+00 +2.4466e+00 +4.4243e+00 -7.7646e-01 +2.7367e+00
46 +9.470208968e+03 +9.470208968e+03 +9.392648968e+03 +9.392648968e+03 +8.2112e-01 +1.4062e+00 -7.0208e-01 -1.5900e+00 -7.1810e-02 -2.8501e+00 -3.2722e-01 +7.4104e-01 +1.0734e+00 -6.2848e-01
51 +4.681987680e+03 +4.681987680e+03 +4.604427680e+03 +4.604427680e+03 -5.3687e-02 +1.9915e+00 +4.9130e-01 -8.5952e-01 -5.1919e-01 -3.2658e+00 +2.8530e+00 -4.5611e-01 +8.3528e-01 +1.9564e-01
85 +2.772842895e+02 +2.772842895e+02 +1.997242895e+02 +1.997242895e+02 +3.9976e-01 +2.9125e-01 -5.0339e-01 +1.8752e-01 -3.9847e-01 -2.6039e+00 -4.5297e-01 +1.7537e+00 +1.8412e+00 +7.1039e-01
98 +2.110875199e+02 +2.110875199e+02 +1.335275199e+02 +1.335275199e+02 -4.8637e-01 +9.9092e-02 +1.7540e+00 +2.4184e-01 -4.9164e-01 -1.4796e+00 +2.5060e+00 +3.4179e-01 +1.0202e+00 +1.3504e+00
152 +1.099049458e+02 +1.099049458e+02 +3.234494582e+01 +3.234494582e+01 -1.1366e-01 +8.5432e-01 +4.1958e-01 -1.9900e+00 -2.1939e-01 -2.3541e+00 +4.8490e-01 +7.1403e-01 +9.1147e-01 +7.8500e-01
165 +4.164174008e+00 +4.164174008e+00 -7.339582599e+01 -7.339582599e+01 -4.3971e-01 +3.1728e-01 +1.1138e+00 -1.6410e+00 -2.2601e-01 -2.2782e+00 +9.5964e-01 +5.1316e-01 +9.2039e-01 +1.2450e+00
214 +3.807024760e+00 +3.807024760e+00 -7.375297524e+01 -7.375297524e+01 -2.8947e-01 +5.0361e-01 +3.0444e-01 -1.2484e+00 -4.2170e-01 -2.2228e+00 +1.1927e+00 +6.2240e-01 +1.1784e+00 +1.2073e+00
