% function evaluation | noise-free fitness - Fopt (-5.465000000000e+02) | best noise-free fitness - Fopt | measured fitness | best measured fitness | x1 | x2...
1 +1.546852180e+05 +1.546852180e+05 +1.541387180e+05 +1.541387180e+05 -2.9353e-01 +4.0162e+00 -1.6511e+00 +1.8317e+00 -4.1498e+00
2 +1.269455374e+04 +1.269455374e+04 +1.214805374e+04 +1.214805374e+04 -1.3899e+00 -3.7187e+00 +5.4371e-01 +7.4624e-01 +3.9471e+00
11 +7.500329986e+03 +7.500329986e+03 +6.953829986e+03 +6.953829986e+03 -2.3957e+00 -1.3579e+00 -1.8364e+00 -5.5656e-01 +2.9677e+00
18 +2.697715395e+03 +2.697715395e+03 +2.151215395e+03 +2.151215395e+03 -4.9025e+00 -2.6456e+00 +1.4368e+00 -2.1827e+00 +4.4879e-01
48 +3.697206074e+00 +3.697206074e+00 -5.428027939e+02 -5.428027939e+02 +1.0841e+00 +1.2295e+00 +1.6151e+00 -3.0883e-01 +1.4333e+00
269 +2.497899198e+00 +2.497899198e+00 -5.440021008e+02 -5.440021008e+02 +6.2068e-01 +6.8937e-01 +1.2067e+00 -7.9664e-01 +1.2867e+00
% function evaluation | noise-free fitness - Fopt (1.000000000000e+03) | best noise-free fitness - Fopt | measured fitness | best measured fitness | x1 | x2...
1 +2.074531652e+05 +2.074531652e+05 +2.084531652e+05 +2.084531652e+05 -4.3882e-02 +2.9074e+00 -8.0314e-03 +3.4866e+00 +4.4395e+00
2 +3.050549978e+04 +3.050549978e+04 +3.150549978e+04 +3.150549978e+04 +3.2690e+00 -2.9487e+00 -2.5043e+00 +7.0407e-01 +1.0354e+00
3 +1.975415985e+04 +1.975415985e+04 +2.075415985e+04 +2.075415985e+04 +1.1517e-01 -1.0029e+00 -8.1100e-01 -4.0487e-01 +1.1460e+00
9 +1.140249926e+04 +1.140249926e+04 +1.240249926e+04 +1.240249926e+04 -4.6296e+00 -2.3416e+00 -1.6451e+00 -7.1275e-02 +3.7537e-01
11 +2.543778778e+02 +2.543778778e+02 +1.254377878e+03 +1.254377878e+03 +2.4310e+00 +4.1217e+00 -2.4745e-01 -1.4646e+00 -7.6682e-01
68 +3.768114993e+00 +3.768114993e+00 +1.003768115e+03 +1.003768115e+03 +2.2077e+00 +3.3408e+00 +1.1120e-01 -1.9517e+00 -1.0250e+00
289 +2.387422729e+00 +2.387422729e+00 +1.002387423e+03 +1.002387423e+03 +1.5237e+00 +3.0812e+00 +2.0337e-01 -1.2629e+00 -9.0027e-01
1345 +1.560422849e+00 +1.560422849e+00 +1.001560423e+03 +1.001560423e+03 +1.5544e+00 +3.0825e+00 +2.0388e-01 -1.2285e+00 -8.6674e-01
% function evaluation | noise-free fitness - Fopt (2.083800000000e+02) | best noise-free fitness - Fopt | measured fitness | best measured fitness | x1 | x2...
1 +1.251929706e+05 +1.251929706e+05 +1.254013506e+05 +1.254013506e+05 +3.7696e+00 +2.2243e+00 -3.8595e+00 -7.8568e-01 -3.5532e+00
2 +6.514079346e+04 +6.514079346e+04 +6.534917346e+04 +6.534917346e+04 +3.7998e+00 -3.9594e+00 -4.0120e+00 -1.3057e+00 +1.2844e+00
3 +2.659364586e+04 +2.659364586e+04 +2.680202586e+04 +2.680202586e+04 +3.4076e+00 +4.4560e+00 +1.2836e+00 -2.9719e+00 +1.4615e+00
7 +4.392653357e+03 +4.392653357e+03 +4.601033357e+03 +4.601033357e+03 +4.1911e+00 +2.9925e+00 +3.7076e+00 +8.0837e-01 +2.0529e+00
30 +3.662403795e+03 +3.662403795e+03 +3.870783795e+03 +3.870783795e+03 -4.7381e-01 +3.2545e-01 +4.4713e+00 +1.7340e+00 +1.5303e+00
33 +5.653833087e+02 +5.653833087e+02 +7.737633087e+02 +7.737633087e+02 +1.6624e+00 +1.8407e+00 +1.3707e+00 +2.0817e+00 +2.8048e-01
56 +1.948465784e+01 +1.948465784e+01 +2.278646578e+02 +2.278646578e+02 +2.7059e+00 +6.9424e-01 +8.9813e-01 +4.6271e-01 +1.5347e+00
61 +3.209715607e+00 +3.209715607e+00 +2.115897156e+02 +2.115897156e+02 -1.6493e+00 +2.2851e+00 +2.0443e+00 +1.7714e+00 +1.4487e+00
148 +2.396687448e+00 +2.396687448e+00 +2.107766874e+02 +2.107766874e+02 -1.4585e+00 +2.2570e+00 +1.9867e+00 +2.0373e+00 +1.0072e+00
221 +1.544834566e+00 +1.544834566e+00 +2.099248346e+02 +2.099248346e+02 -1.0346e+00 +2.2430e+00 +2.0238e+00 +2.0959e+00 +1.5394e+00
% function evaluation | noise-free fitness - Fopt (-1.449600000000e+02) | best noise-free fitness - Fopt | measured fitness | best measured fitness | x1 | x2...
1 +4.277493477e+04 +4.277493477e+04 +4.262997477e+04 +4.262997477e+04 +3.5257e+00 -2.9981e+00 -3.7792e+00 +3.0889e+00 +3.3021e-01
2 +9.559943094e+03 +9.559943094e+03 +9.414983094e+03 +9.414983094e+03 -3.6144e+00 +2.7795e+00 -3.7889e+00 -2.7012e+00 -3.3617e+00
45 +3.604248994e+03 +3.604248994e+03 +3.459288994e+03 +3.459288994e+03 -3.4735e+00 -3.7159e+00 -1.0478e+00 -2.9359e+00 +3.5982e-02
46 +5.255340204e+02 +5.255340204e+02 +3.805740204e+02 +3.805740204e+02 -1.5169e+00 +3.5536e-01 -6.6391e-02 -9.0354e-01 -2.8898e+00
51 +7.921484663e+01 +7.921484663e+01 -6.574515337e+01 -6.574515337e+01 -3.4878e-02 +1.1575e+00 -1.8701e+00 -1.2455e+00 -1.8921e+00
85 +4.055771516e+00 +4.055771516e+00 -1.409042285e+02 -1.409042285e+02 -2.1408e+00 +1.1575e+00 -1.8701e+00 -1.2455e+00 -1.8921e+00
136 +3.208052639e+00 +3.208052639e+00 -1.417519474e+02 -1.417519474e+02 -2.1572e+00 +1.3945e+00 -1.6603e+00 -6.1761e-01 -1.0359e+00
161 +2.402534468e+00 +2.402534468e+00 -1.425574655e+02 -1.425574655e+02 -2.1162e+00 +1.1140e+00 -2.8979e+00 -4.4487e-01 -1.4074e+00
% function evaluation | noise-free fitness - Fopt (-6.300000000000e+00) | best noise-free fitness - Fopt | measured fitness | best measured fitness | x1 | x2...
1 +1.090260733e+04 +1.090260733e+04 +1.089630733e+04 +1.089630733e+04 +2.8341e+00 +3.3669e+00 -2.9792e+00 +7.6303e-01 +4.6970e-01
8 +6.862367984e+03 +6.862367984e+03 +6.856067984e+03 +6.856067984e+03 +2.2701e+00 -2.6121e+00 -4.3945e+00 +2.2312e+00 -4.7160e-01
9 +5.955998666e+03 +5.955998666e+03 +5.949698666e+03 +5.949698666e+03 +5.6196e-01 -4.0499e+00 +1.6246e+00 +4.5824e+00 -1.7951e-01
10 +2.758119559e+03 +2.758119559e+03 +2.751819559e+03 +2.751819559e+03 -2.6413e+00 -4.4827e+00 +2.3918e+00 +1.7472e+00 -1.5397e+00
43 +7.920760307e+02 +7.920760307e+02 +7.857760307e+02 +7.857760307e+02 +1.8371e-01 -2.0451e+00 +1.2580e+00 +2.5827e+00 -6.7952e-01
51 +2.578299682e+02 +2.578299682e+02 +2.515299682e+02 +2.515299682e+02 -3.1388e+00 -3.9939e+00 -6.2575e-01 +2.0241e+00 -2.3400e+00
75 +8.463962975e+01 +8.463962975e+01 +7.833962975e+01 +7.833962975e+01 -1.5694e+00 -3.5846e+00 -2.1077e+00 +1.9512e+00 -1.3874e+00
88 +5.451879250e+01 +5.451879250e+01 +4.821879250e+01 +4.821879250e+01 -1.5694e+00 -3.5846e+00 +8.3552e-01 +1.9512e+00 -1.3874e+00
99 +3.615732199e+00 +3.615732199e+00 -2.684267801e+00 -2.684267801e+00 -1.5230e+00 -8.8876e-01 -1.4825e+00 +8.2142e-01 -1.4216e+00
243 +2.496653914e+00 +2.496653914e+00 -3.803346086e+00 -3.803346086e+00 -1.5883e+00 -4.0585e-01 -1.5567e+00 +1.7652e+00 -1.3483e+00
% function evaluation | noise-free fitness - Fopt (-2.004200000000e+02) | best noise-free fitness - Fopt | measured fitness | best measured fitness | x1 | x2...
1 +1.012861098e+05 +1.012861098e+05 +1.010856898e+05 +1.010856898e+05 -1.4049e+00 +3.5374e+00 -4.7984e+00 -1.6192e+00 +3.7375e+00
2 +4.365423346e+04 +4.365423346e+04 +4.345381346e+04 +4.345381346e+04 -3.2707e+00 +1.6981e+00 +4.3032e+00 +4.5490e+00 -2.5503e+00
4 +8.571184421e+03 +8.571184421e+03 +8.370764421e+03 +8.370764421e+03 -2.2845e+00 -1.2081e+00 +2.8664e+00 -3.9567e+00 -6.8829e-01
6 +4.006010835e+03 +4.006010835e+03 +3.805590835e+03 +3.805590835e+03 -3.4913e+00 +4.8750e+00 -1.5034e+00 -3.7023e+00 -2.5416e+00
17 +6.620957617e+00 +6.620957617e+00 -1.937990424e+02 -1.937990424e+02 -1.4583e+00 +1.9194e+00 +1.8198e+00 -2.3619e+00 -6.8907e-01
80 +4.335725435e+00 +4.335725435e+00 -1.960842746e+02 -1.960842746e+02 -8.7033e-01 +3.6193e-01 +1.2740e+00 -2.1841e+00 -1.2801e+00
88 +3.682406279e+00 +3.682406279e+00 -1.967375937e+02 -1.967375937e+02 -5.8730e-01 -1.1578e-01 +1.4460e+00 -1.0408e+00 -1.5168e+00
128 +2.451494437e+00 +2.451494437e+00 -1.979685056e+02 -1.979685056e+02 +4.5946e-01 +7.5644e-01 +2.5854e+00 -2.0231e+00 -2.1138e+00
290 +1.551272112e+00 +1.551272112e+00 -1.988687279e+02 -1.988687279e+02 +4.0063e-01 +5.6781e-01 +2.5239e+00 -2.0275e+00 -2.1254e+00
% function evaluation | noise-free fitness - Fopt (-2.348100000000e+02) | best noise-free fitness - Fopt | measured fitness | best measured fitness | x1 | x2...
1 +6.437691356e+04 +6.437691356e+04 +6.414210356e+04 +6.414210356e+04 +3.4121e+00 -1.7616e+00 -7.5608e-01 -4.8359e+00 -3.3070e+00
2 +3.477265464e+04 +3.477265464e+04 +3.453784464e+04 +3.453784464e+04 -1.3498e+00 -4.5910e+00 +6.6758e-01 -2.8329e+00 -1.0309e+00
4 +5.788701904e+03 +5.788701904e+03 +5.553891904e+03 +5.553891904e+03 +1.8803e+00 +1.6510e+00 +9.0819e-01 -3.0306e-01 -2.7780e+00
28 +3.261146288e+03 +3.261146288e+03 +3.026336288e+03 +3.026336288e+03 +2.3853e+00 +1.8811e+00 -4.8894e+00 -5.8571e-01 -1.8399e+00
29 +2.505060062e+03 +2.505060062e+03 +2.270250062e+03 +2.270250062e+03 +9.3799e-01 -3.1687e+00 +2.0961e+00 +2.5962e+00 -2.2180e+00
42 +1.041791053e+03 +1.041791053e+03 +8.069810532e+02 +8.069810532e+02 +3.6817e-02 -3.7728e+00 +1.0521e+00 +4.8524e-01 -1.5981e+00
46 +7.548624778e+02 +7.548624778e+02 +5.200524778e+02 +5.200524778e+02 +2.1433e+00 +2.0965e-01 +6.7628e-01 +8.8581e-01 -1.8929e+00
60 +2.712130378e+00 +2.712130378e+00 -2.320978696e+02 -2.320978696e+02 -8.0489e-01 -2.8356e+00 -6.0426e-01 +2.5022e+00 -9.5744e-01
132 +2.346269452e+00 +2.346269452e+00 -2.324637305e+02 -2.324637305e+02 +7.8039e-02 -2.4900e+00 -5.1513e-01 +2.5036e+00 -1.1392e+00
360 +1.548495208e+00 +1.548495208e+00 -2.332615048e+02 -2.332615048e+02 -1.1003e-01 -2.6366e+00 -4.8548e-01 +2.4958e+00 -1.9800e+00
% function evaluation | noise-free fitness - Fopt (8.710000000000e+00) | best noise-free fitness - Fopt | measured fitness | best measured fitness | x1 | x2...
1 +1.045742311e+05 +1.045742311e+05 +1.045829411e+05 +1.045829411e+05 -9.5526e-01 -4.8656e+00 -9.7003e-01 -1.8250e+00 +3.8977e+00
2 +3.717401576e+03 +3.717401576e+03 +3.726111576e+03 +3.726111576e+03 +4.1386e+00 +3.8182e-01 +4.2021e+00 +2.4846e-01 -1.2552e+00
14 +1.572590327e+03 +1.572590327e+03 +1.581300327e+03 +1.581300327e+03 +6.8788e-01 +7.2729e-01 +2.4557e+00 -2.7350e+00 -2.5431e+00
48 +4.927025299e+00 +4.927025299e+00 +1.363702530e+01 +1.363702530e+01 -5.3935e-01 +3.7745e-01 +8.1278e-01 -1.5766e+00 -2.1202e+00
82 +3.688283399e+00 +3.688283399e+00 +1.239828340e+01 +1.239828340e+01 +2.2816e+00 +1.0186e+00 +1.0116e+00 -1.8498e+00 -1.7644e+00
147 +1.339173848e+00 +1.339173848e+00 +1.004917385e+01 +1.004917385e+01 +1.1227e+00 +2.3312e+00 +2.0382e+00 -2.0959e+00 -1.5245e+00
207 +7.068275155e-01 +7.068275155e-01 +9.416827516e+00 +9.416827516e+00 +1.0399e+00 +2.3312e+00 +2.0382e+00 -2.0959e+00 -2.1522e+00
287 +5.433225039e-01 +5.433225039e-01 +9.253322504e+00 +9.253322504e+00 +1.0212e+00 +2.3261e+00 +2.0380e+00 -2.0903e+00 -2.1166e+00
% function evaluation | noise-free fitness - Fopt (-4.178000000000e+01) | best noise-free fitness - Fopt | measured fitness | best measured fitness | x1 | x2...
1 +2.869509103e+04 +2.869509103e+04 +2.865331103e+04 +2.865331103e+04 -1.7940e+00 -1.1056e+00 -4.6806e+00 +3.7788e+00 +3.7633e+00
2 +7.469612707e+03 +7.469612707e+03 +7.427832707e+03 +7.427832707e+03 -3.7545e+00 -3.9418e+00 -2.1919e+00 +3.4883e+00 +1.9057e+00
5 +2.582890033e+03 +2.582890033e+03 +2.541110033e+03 +2.541110033e+03 +4.2640e+00 +1.7242e-01 -2.6561e+00 +1.8654e+00 +2.8667e+00
17 +1.986269759e+03 +1.986269759e+03 +1.944489759e+03 +1.944489759e+03 -1.3421e+00 +9.4559e-01 -1.6723e+00 -6.6782e-01 +2.0991e+00
43 +1.396915312e+03 +1.396915312e+03 +1.355135312e+03 +1.355135312e+03 -2.1628e+00 +2.0311e+00 -3.3946e+00 +4.3616e-01 +1.4904e+00
45 +9.708397586e+02 +9.708397586e+02 +9.290597586e+02 +9.290597586e+02 +1.2699e+00 +1.0718e+00 -3.2317e+00 +1.0454e+00 +2.8267e+00
61 +2.877703069e+02 +2.877703069e+02 +2.459903069e+02 +2.459903069e+02 -3.2367e+00 +1.7245e+00 -9.8948e-01 +2.1350e+00 +2.3507e+00
72 +1.438411018e+02 +1.438411018e+02 +1.020611018e+02 +1.020611018e+02 -9.2823e-01 +1.2992e+00 -2.8606e+00 +3.0445e-01 +1.5106e+00
78 +2.828213865e+01 +2.828213865e+01 -1.349786135e+01 -1.349786135e+01 -2.7424e+00 +1.0591e+00 -1.3458e+00 +1.9719e+00 +1.7837e+00
90 +1.899190661e+01 +1.899190661e+01 -2.278809339e+01 -2.278809339e+01 -2.6836e+00 +7.7862e-01 -1.5649e+00 +1.8066e+00 +1.1668e+00
105 +3.973010226e+00 +3.973010226e+00 -3.780698977e+01 -3.780698977e+01 -2.4368e+00 +1.0603e+00 -1.2935e+00 +8.7189e-01 +2.1371e+00
500 +2.462761162e+00 +2.462761162e+00 -3.931723884e+01 -3.931723884e+01 -2.3569e+00 +1.0493e+00 -2.3066e+00 +1.6114e+00 +1.9009e+00
% function evaluation | noise-free fitness - Fopt (-4.187000000000e+01) | best noise-free fitness - Fopt | measured fitness | best measured fitness | x1 | x2...
1 +3.675534447e+04 +3.675534447e+04 +3.671347447e+04 +3.671347447e+04 +2.4870e+00 -6.7465e-02 +3.9834e+00 -4.2538e+00 -3.9228e+00
3 +1.880288344e+04 +1.880288344e+04 +1.876101344e+04 +1.876101344e+04 +2.5635e+00 +3.8294e+00 +1.1575e+00 -2.0377e+00 -1.0829e+00
7 +1.459450202e+04 +1.459450202e+04 +1.455263202e+04 +1.455263202e+04 +2.0791e+00 -4.0192e+00 +2.3309e+00 +4.5677e+00 -1.1080e+00
13 +7.136907271e+03 +7.136907271e+03 +7.095037271e+03 +7.095037271e+03 +4.2267e+00 +3.3408e+00 +2.9004e+00 -1.4170e+00 -3.2892e+00
21 +3.265909166e+03 +3.265909166e+03 +3.224039166e+03 +3.224039166e+03 +2.7765e+00 +6.8423e-01 -1.1678e+00 +3.6935e+00 -1.4354e+00
37 +1.795270432e+03 +1.795270432e+03 +1.753400432e+03 +1.753400432e+03 -4.5437e+00 -1.5363e+00 -6.5406e-01 +2.9180e+00 -1.0241e+00
38 +1.423864291e+03 +1.423864291e+03 +1.381994291e+03 +1.381994291e+03 -3.0093e-01 -2.4355e+00 +1.4496e+00 -3.7876e-01 -3.1254e+00
48 +2.183274790e+02 +2.183274790e+02 +1.764574790e+02 +1.764574790e+02 -1.5152e+00 -2.7167e+00 +2.0917e+00 +1.0982e-01 -9.1930e-01
61 +4.200046382e+00 +4.200046382e+00 -3.766995362e+01 -3.766995362e+01 +7.7283e-01 +2.4388e-01 +1.4478e+00 +6.0846e-01 -1.5063e+00
106 +3.793396665e+00 +3.793396665e+00 -3.807660333e+01 -3.807660333e+01 +2.1884e+00 +5.5286e-02 +1.2854e+00 +1.0418e+00 -1.6259e+00
198 +2.173089878e+00 +2.173089878e+00 -3.969691012e+01 -3.969691012e+01 +4.9801e-01 +4.5143e-02 +5.4864e-01 +9.5762e-01 -2.3849e+00
3041 +1.525572245e+00 +1.525572245e+00 -4.034442775e+01 -4.034442775e+01 +3.2288e-01 +9.9340e-02 +6.0989e-01 +9.5230e-01 -2.3757e+00
% function evaluation | noise-free fitness - Fopt (4.792100000000e+02) | best noise-free fitness - Fopt | measured fitness | best measured fitness | x1 | x2...
1 +9.679876625e+03 +9.679876625e+03 +1.015908662e+04 +1.015908662e+04 +4.0985e+00 +2.7129e+00 -2.3010e+00 +2.4862e-01 -1.6096e+00
5 +2.264573283e+03 +2.264573283e+03 +2.743783283e+03 +2.743783283e+03 +4.5594e+00 +1.2530e+00 -6.9991e-01 -2.9460e+00 -1.5024e-01
60 +1.373655514e+03 +1.373655514e+03 +1.852865514e+03 +1.852865514e+03 +1.1678e+00 +1.2360e+00 -1.3084e+00 -2.6468e+00 -1.8682e+00
67 +2.835342315e+02 +2.835342315e+02 +7.627442315e+02 +7.627442315e+02 +3.3130e+00 +2.3589e+00 +1.9220e+00 -1.5145e+00 -2.4348e+00
84 +2.548296629e+01 +2.548296629e+01 +5.046929663e+02 +5.046929663e+02 +2.7399e+00 +2.3162e+00 +6.4695e-01 -9.4646e-01 -2.1010e+00
103 +4.579066549e+00 +4.579066549e+00 +4.837890665e+02 +4.837890665e+02 +1.8694e+00 +1.0913e-01 +1.4402e+00 -2.3293e+00 -1.0292e+00
122 +3.980343174e+00 +3.980343174e+00 +4.831903432e+02 +4.831903432e+02 +2.0938e+00 +1.1422e+00 +1.5884e+00 -1.7988e+00 -1.0093e+00
197 +2.303160004e+00 +2.303160004e+00 +4.815131600e+02 +4.815131600e+02 +2.4985e+00 +5.8293e-01 +1.3306e+00 -1.5567e+00 -2.2451e+00
% function evaluation | noise-free fitness - Fopt (1.000000000000e+03) | best noise-free fitness - Fopt | measured fitness | best measured fitness | x1 | x2...
1 +2.694540524e+04 +2.694540524e+04 +2.794540524e+04 +2.794540524e+04 -3.4106e-01 +8.5726e-01 -4.0240e-02 +2.7543e+00 +3.0186e+00
5 +1.050731608e+04 +1.050731608e+04 +1.150731608e+04 +1.150731608e+04 +6.3715e-01 -3.3511e+00 +2.4082e+00 +3.3233e-02 -4.1552e-01
12 +6.667892794e+03 +6.667892794e+03 +7.667892794e+03 +7.667892794e+03 -4.1885e+00 +3.9136e+00 +2.1317e+00 -1.3393e+00 +3.2194e+00
16 +1.491052464e+03 +1.491052464e+03 +2.491052464e+03 +2.491052464e+03 -3.8622e-01 -1.1613e+00 +2.2148e+00 +6.6951e-01 +3.0106e+00
45 +5.848555768e+02 +5.848555768e+02 +1.584855577e+03 +1.584855577e+03 -8.8691e-02 -3.3509e+00 +2.4024e+00 +2.4427e-01 +1.7847e+00
67 +2.597837338e+02 +2.597837338e+02 +1.259783734e+03 +1.259783734e+03 +9.9489e-01 -1.6215e-01 +3.2625e+00 -5.3577e-01 +2.0271e+00
68 +2.493197369e+02 +2.493197369e+02 +1.249319737e+03 +1.249319737e+03 +2.8637e+00 -1.6639e+00 +1.5668e+00 -4.0053e-03 +1.5470e+00
95 +9.417886898e+00 +9.417886898e+00 +1.009417887e+03 +1.009417887e+03 +2.4382e+00 -4.9035e-01 +2.0340e+00 -1.7560e-01 +2.7487e+00
100 +4.744298111e+00 +4.744298111e+00 +1.004744298e+03 +1.004744298e+03 +2.5599e+00 -1.4300e+00 +2.0620e+00 -2.2131e-01 +2.5385e+00
135 +3.768270081e+00 +3.768270081e+00 +1.003768270e+03 +1.003768270e+03 +3.9579e-01 -1.4300e+00 +2.0620e+00 -2.2131e-01 +2.5385e+00
332 +2.486674648e+00 +2.486674648e+00 +1.002486675e+03 +1.002486675e+03 +1.5528e+00 -1.3912e+00 +1.7850e+00 -2.5561e-01 +2.5580e+00
% function evaluation | noise-free fitness - Fopt (-1.610900000000e+02) | best noise-free fitness - Fopt | measured fitness | best measured fitness | x1 | x2...
1 +9.251227624e+04 +9.251227624e+04 +9.235118624e+04 +9.235118624e+04 -4.0365e+00 -3.1322e+00 +3.8546e+00 +1.7892e+00 +1.3785e+00
3 +2.368242247e+03 +2.368242247e+03 +2.207152247e+03 +2.207152247e+03 -3.2303e+00 +1.2497e+00 +1.2606e+00 -1.8867e+00 -2.7620e+00
42 +8.414094206e+01 +8.414094206e+01 -7.694905794e+01 -7.694905794e+01 +4.6195e-01 +2.4351e+00 +3.6177e-01 -1.8661e+00 -5.6717e-01
98 +5.281719855e+00 +5.281719855e+00 -1.558082801e+02 -1.558082801e+02 -1.5661e+00 -6.1098e-01 -2.3692e+00 -1.0694e+00 -1.3740e+00
128 +3.936012605e+00 +3.936012605e+00 -1.571539874e+02 -1.571539874e+02 -2.4092e+00 -4.7425e-01 -1.6041e+00 -1.8175e+00 -1.4350e+00
151 +2.476415113e+00 +2.476415113e+00 -1.586135849e+02 -1.586135849e+02 -1.1443e+00 -4.3873e-01 -1.4445e+00 -1.8482e+00 -2.2157e+00
287 +1.503813720e+00 +1.503813720e+00 -1.595861863e+02 -1.595861863e+02 -2.0543e+00 -5.5919e-01 -1.3187e+00 -1.8441e+00 -2.1805e+00
% function evaluation | noise-free fitness - Fopt (1.231900000000e+02) | best noise-free fitness - Fopt | measured fitness | best measured fitness | x1 | x2...
1 +2.436241251e+04 +2.436241251e+04 +2.448560251e+04 +2.448560251e+04 +1.7400e+00 -4.4371e+00 +4.8528e+00 -3.5036e-01 +1.1664e+00
22 +6.138245436e+03 +6.138245436e+03 +6.261435436e+03 +6.261435436e+03 -3.4866e-01 +1.0382e-01 -4.6649e+00 +1.4327e+00 +3.2246e+00
36 +1.720714197e+03 +1.720714197e+03 +1.843904197e+03 +1.843904197e+03 -3.4447e+00 -1.1935e+00 -2.8906e+00 +7.6958e-01 +1.7694e+00
40 +7.011119668e+02 +7.011119668e+02 +8.243019668e+02 +8.243019668e+02 +2.3925e+00 +3.6510e-01 -3.1030e+00 +6.2419e-01 +2.7278e+00
56 +3.452359729e+00 +3.452359729e+00 +1.266423597e+02 +1.266423597e+02 -7.9236e-01 +7.4000e-01 -2.8189e+00 +2.1448e-02 +2.2790e+00
118 +2.145582670e+00 +2.145582670e+00 +1.253355827e+02 +1.253355827e+02 -2.0738e+00 +3.9391e-01 -2.7204e+00 -8.9000e-01 +2.3409e+00
264 +1.534958361e+00 +1.534958361e+00 +1.247249584e+02 +1.247249584e+02 -1.0344e+00 +3.6735e-01 -2.6772e+00 -3.9718e-01 +2.2044e+00
399 +9.775319639e-01 +9.775319639e-01 +1.241675320e+02 +1.241675320e+02 -1.0702e+00 +3.7399e-01 -2.6933e+00 -4.2870e-01 +2.5224e+00
% function evaluation | noise-free fitness - Fopt (-7.756000000000e+01) | best noise-free fitness - Fopt | measured fitness | best measured fitness | x1 | x2...
1 +5.937972519e+03 +5.937972519e+03 +5.860412519e+03 +5.860412519e+03 -2.8760e+00 +1.7756e+00 -5.9840e-01 -2.7795e+00 -7.2764e-01
7 +2.912416015e+03 +2.912416015e+03 +2.834856015e+03 +2.834856015e+03 +2.9813e+00 -7.0457e-01 +3.0081e+00 -3.1645e+00 +5.8728e-01
28 +1.765637608e+02 +1.765637608e+02 +9.900376078e+01 +9.900376078e+01 +3.1547e+00 +1.4274e+00 +1.0416e+00 -2.0967e+00 +1.2280e+00
47 +1.312364168e+02 +1.312364168e+02 +5.367641679e+01 +5.367641679e+01 +3.0378e+00 -6.0244e-01 +1.8463e+00 -2.4014e+00 +6.1223e-01
49 +2.780653551e+01 +2.780653551e+01 -4.975346449e+01 -4.975346449e+01 +2.7414e+00 +3.6923e-01 +8.8079e-01 -2.4523e+00 +1.1300e+00
81 +1.099409207e+01 +1.099409207e+01 -6.656590793e+01 -6.656590793e+01 -3.0743e-01 +1.4164e+00 +8.9256e-01 -2.6238e+00 +9.8118e-01
82 +4.459448975e+00 +4.459448975e+00 -7.310055102e+01 -7.310055102e+01 +2.1842e+00 +1.6597e+00 +4.8766e-01 -2.6397e+00 +1.2224e+00
99 +3.052083947e+00 +3.052083947e+00 -7.450791605e+01 -7.450791605e+01 -9.8134e-01 +2.8177e-01 +5.9356e-01 -1.3779e+00 +1.1642e+00
249 +2.446842052e+00 +2.446842052e+00 -7.511315795e+01 -7.511315795e+01 -5.1368e-01 +6.5101e-02 +6.0858e-01 -1.4686e+00 +1.1424e+00
