% function evaluation | noise-free fitness - Fopt (-5.465000000000e+02) | best noise-free fitness - Fopt | measured fitness | best measured fitness | x1 | x2...
1 +3.067440490e+02 +3.067440490e+02 -2.397559510e+02 -2.397559510e+02 +1.9852e+00 +1.7846e+00 +4.5506e-01
3 +5.504617457e+00 +5.504617457e+00 -5.409953825e+02 -5.409953825e+02 +1.8301e+00 +2.9008e+00 +1.7377e+00
5 +2.494854982e+00 +2.494854982e+00 -5.440051450e+02 -5.440051450e+02 -1.9551e+00 +1.5301e+00 +1.6033e+00
77 +1.437605606e+00 +1.437605606e+00 -5.450623944e+02 -5.450623944e+02 -2.0782e+00 +2.1740e+00 +1.5400e+00
180 +9.741772327e-01 +9.741772327e-01 -5.455258228e+02 -5.455258228e+02 -2.1832e+00 +2.1237e+00 +1.0071e+00
259 +4.974583209e-01 +4.974583209e-01 -5.460025417e+02 -5.460025417e+02 -2.0939e+00 +2.1189e+00 +9.3372e-01
328 +3.952788986e-01 +3.952788986e-01 -5.461047211e+02 -5.461047211e+02 -2.1028e+00 +2.1028e+00 +9.6205e-01
% function evaluation | noise-free fitness - Fopt (1.000000000000e+03) | best noise-free fitness - Fopt | measured fitness | best measured fitness | x1 | x2...
1 +2.765051838e+04 +2.765051838e+04 +2.865051838e+04 +2.865051838e+04 -1.4532e+00 -4.8130e+00 -4.6876e+00
2 +2.235382413e+04 +2.235382413e+04 +2.335382413e+04 +2.335382413e+04 +4.0518e-01 -3.2005e+00 -4.9889e+00
3 +1.145719138e+03 +1.145719138e+03 +2.145719138e+03 +2.145719138e+03 +4.1700e+00 +2.7968e+00 -3.9044e-01
26 +7.155494790e+02 +7.155494790e+02 +1.715549479e+03 +1.715549479e+03 +1.9275e+00 +1.6523e+00 -2.7649e+00
35 +5.420123645e+02 +5.420123645e+02 +1.542012365e+03 +1.542012365e+03 -3.8110e-01 +3.2528e+00 -2.1831e+00
37 +3.469704410e+02 +3.469704410e+02 +1.346970441e+03 +1.346970441e+03 +3.4237e+00 +1.4867e+00 -1.3056e+00
41 +5.056572416e+00 +5.056572416e+00 +1.005056572e+03 +1.005056572e+03 -9.4771e-01 +4.3454e-02 -1.9896e+00
44 +2.858877233e+00 +2.858877233e+00 +1.002858877e+03 +1.002858877e+03 +1.3577e+00 +9.8161e-01 -2.4930e+00
81 +8.436877034e-01 +8.436877034e-01 +1.000843688e+03 +1.000843688e+03 -2.2820e+00 +2.0074e+00 -2.0947e+00
86 +2.932743063e-01 +2.932743063e-01 +1.000293274e+03 +1.000293274e+03 -2.1303e+00 +2.0351e+00 -2.1435e+00
203 +2.275013851e-01 +2.275013851e-01 +1.000227501e+03 +1.000227501e+03 -2.1193e+00 +2.0366e+00 -2.1144e+00
262 +5.291324423e-02 +5.291324423e-02 +1.000052913e+03 +1.000052913e+03 -2.1187e+00 +2.0730e+00 -2.1193e+00
% function evaluation | noise-free fitness - Fopt (2.083800000000e+02) | best noise-free fitness - Fopt | measured fitness | best measured fitness | x1 | x2...
1 +1.112060364e+04 +1.112060364e+04 +1.132898364e+04 +1.132898364e+04 -1.1133e+00 +2.2839e-01 -5.4899e-01
2 +4.889923752e+03 +4.889923752e+03 +5.098303752e+03 +5.098303752e+03 -3.2770e+00 -1.5947e-01 +3.8737e+00
3 +2.190462142e+03 +2.190462142e+03 +2.398842142e+03 +2.398842142e+03 +4.8385e+00 +2.0825e+00 +2.0465e+00
8 +3.729460242e+00 +3.729460242e+00 +2.121094602e+02 +2.121094602e+02 +1.2617e+00 +2.0037e+00 +1.2375e+00
36 +2.028523044e+00 +2.028523044e+00 +2.104085230e+02 +2.104085230e+02 +1.2528e+00 +9.3964e-01 +2.3535e+00
163 +1.239741535e+00 +1.239741535e+00 +2.096197415e+02 +2.096197415e+02 +1.4231e+00 +9.4013e-01 +2.3519e+00
% function evaluation | noise-free fitness - Fopt (-1.449600000000e+02) | best noise-free fitness - Fopt | measured fitness | best measured fitness | x1 | x2...
1 +5.117546908e+04 +5.117546908e+04 +5.103050908e+04 +5.103050908e+04 +4.4970e+00 -4.4240e+00 +3.4425e+00
2 +1.833302762e+04 +1.833302762e+04 +1.818806762e+04 +1.818806762e+04 +1.0652e+00 +3.3537e+00 -1.4263e+00
5 +7.310144036e+03 +7.310144036e+03 +7.165184036e+03 +7.165184036e+03 -2.7441e+00 -4.4048e+00 -2.1403e+00
6 +2.014217796e+03 +2.014217796e+03 +1.869257796e+03 +1.869257796e+03 +4.7427e+00 -2.8295e+00 -1.4138e+00
12 +1.313185117e+03 +1.313185117e+03 +1.168225117e+03 +1.168225117e+03 -2.2217e+00 +1.5327e+00 -2.4640e+00
19 +5.092295788e+02 +5.092295788e+02 +3.642695788e+02 +3.642695788e+02 -1.2063e+00 -1.5690e-01 -7.8106e-01
21 +1.630793216e+01 +1.630793216e+01 -1.286520678e+02 -1.286520678e+02 -7.1256e-01 -1.1853e+00 -2.5105e+00
37 +5.345171811e+00 +5.345171811e+00 -1.396148282e+02 -1.396148282e+02 -4.6120e-01 -1.6667e+00 -1.9837e+00
42 +3.925577915e+00 +3.925577915e+00 -1.410344221e+02 -1.410344221e+02 -2.4158e-01 -1.6192e+00 -1.5138e+00
46 +2.116499164e+00 +2.116499164e+00 -1.428435008e+02 -1.428435008e+02 +1.2551e-01 -2.7859e+00 -1.9516e+00
136 +1.500743187e+00 +1.500743187e+00 -1.434592568e+02 -1.434592568e+02 +1.2551e-01 -2.7216e+00 -1.9516e+00
% function evaluation | noise-free fitness - Fopt (-6.300000000000e+00) | best noise-free fitness - Fopt | measured fitness | best measured fitness | x1 | x2...
1 +1.229284674e+04 +1.229284674e+04 +1.228654674e+04 +1.228654674e+04 +3.2239e+00 -9.7977e-01 -4.2491e+00
4 +8.203066564e+03 +8.203066564e+03 +8.196766564e+03 +8.196766564e+03 +2.3122e+00 -4.5199e+00 +6.3049e-01
6 +2.601279359e+03 +2.601279359e+03 +2.594979359e+03 +2.594979359e+03 +3.3627e+00 -3.3155e+00 -2.1222e+00
10 +4.293498065e+00 +4.293498065e+00 -2.006501935e+00 -2.006501935e+00 -1.2364e+00 -1.0503e+00 -2.1070e+00
56 +3.134469959e+00 +3.134469959e+00 -3.165530041e+00 -3.165530041e+00 -4.1931e-01 -2.0594e+00 -1.7749e+00
87 +2.396141227e+00 +2.396141227e+00 -3.903858773e+00 -3.903858773e+00 -1.4831e+00 -1.9630e+00 -1.7976e+00
225 +1.497478380e+00 +1.497478380e+00 -4.802521620e+00 -4.802521620e+00 -1.4990e+00 -1.4657e+00 -2.2387e+00
% function evaluation | noise-free fitness - Fopt (-2.004200000000e+02) | best noise-free fitness - Fopt | measured fitness | best measured fitness | x1 | x2...
1 +1.521051058e+05 +1.521051058e+05 +1.519046858e+05 +1.519046858e+05 -2.4070e+00 -2.4841e+00 -4.1141e+00
2 +5.666000861e+04 +5.666000861e+04 +5.645958861e+04 +5.645958861e+04 -1.7815e+00 -4.8114e+00 +7.8082e-02
4 +1.471240437e+03 +1.471240437e+03 +1.270820437e+03 +1.270820437e+03 +9.0195e-01 -1.1816e+00 +1.2410e+00
5 +5.340652912e+02 +5.340652912e+02 +3.336452912e+02 +3.336452912e+02 +1.0445e+00 +9.6374e-01 +2.8800e+00
34 +3.718990642e+02 +3.718990642e+02 +1.714790642e+02 +1.714790642e+02 -2.3079e+00 +8.1469e-02 +1.9600e+00
45 +9.791110805e+01 +9.791110805e+01 -1.025088919e+02 -1.025088919e+02 -9.8685e-01 +8.6489e-01 +2.6921e+00
50 +3.666040087e+00 +3.666040087e+00 -1.967539599e+02 -1.967539599e+02 -1.5289e+00 +4.4789e-01 +2.2930e+00
99 +2.442568568e+00 +2.442568568e+00 -1.979774314e+02 -1.979774314e+02 -1.5025e+00 +8.8448e-01 +1.8265e+00
170 +1.239491016e+00 +1.239491016e+00 -1.991805090e+02 -1.991805090e+02 -1.5039e+00 +9.7758e-01 +1.2605e+00
% function evaluation | noise-free fitness - Fopt (-2.348100000000e+02) | best noise-free fitness - Fopt | measured fitness | best measured fitness | x1 | x2...
1 +3.186744687e+04 +3.186744687e+04 +3.163263687e+04 +3.163263687e+04 +2.1882e+00 -3.1874e+00 +2.4007e+00
2 +3.196997503e+03 +3.196997503e+03 +2.962187503e+03 +2.962187503e+03 -1.3405e+00 -4.7381e+00 +2.0892e-01
5 +6.960259586e+02 +6.960259586e+02 +4.612159586e+02 +4.612159586e+02 -3.8152e+00 -2.0640e+00 -2.1457e+00
9 +2.633817040e+00 +2.633817040e+00 -2.321761830e+02 -2.321761830e+02 -1.6690e+00 -3.1345e+00 -6.1664e-01
92 +1.941189385e+00 +1.941189385e+00 -2.328688106e+02 -2.328688106e+02 -1.2540e+00 -2.8742e+00 -7.6331e-01
131 +1.502816227e+00 +1.502816227e+00 -2.333071838e+02 -2.333071838e+02 -1.3175e+00 -3.0097e+00 -7.4647e-01
165 +9.503420667e-01 +9.503420667e-01 -2.338596579e+02 -2.338596579e+02 -1.4291e+00 -2.9796e+00 -7.5815e-01
% function evaluation | noise-free fitness - Fopt (8.710000000000e+00) | best noise-free fitness - Fopt | measured fitness | best measured fitness | x1 | x2...
1 +2.108987403e+04 +2.108987403e+04 +2.109858403e+04 +2.109858403e+04 +7.0124e-01 +3.8591e+00 -1.9877e+00
2 +2.598483924e+03 +2.598483924e+03 +2.607193924e+03 +2.607193924e+03 -3.6108e+00 +3.2583e+00 +2.6653e+00
4 +1.198426370e+03 +1.198426370e+03 +1.207136370e+03 +1.207136370e+03 -4.2291e+00 +1.2044e+00 +2.0325e+00
7 +8.177727534e+02 +8.177727534e+02 +8.264827534e+02 +8.264827534e+02 +2.3627e-02 -7.6533e-01 +2.9588e+00
51 +5.736080335e+02 +5.736080335e+02 +5.823180335e+02 +5.823180335e+02 +3.6463e+00 -1.0653e+00 +2.8053e+00
65 +9.732826362e+01 +9.732826362e+01 +1.060382636e+02 +1.060382636e+02 +1.0789e+00 -5.0193e-01 +1.5179e+00
71 +4.424918823e+00 +4.424918823e+00 +1.313491882e+01 +1.313491882e+01 -1.9942e-01 +1.6329e+00 +1.7763e+00
89 +3.499748961e+00 +3.499748961e+00 +1.220974896e+01 +1.220974896e+01 -2.0086e-02 +1.6139e+00 +1.0284e+00
162 +2.379719234e+00 +2.379719234e+00 +1.108971923e+01 +1.108971923e+01 -5.3569e-01 +1.7953e+00 +2.1676e+00
168 +1.121003035e+00 +1.121003035e+00 +9.831003035e+00 +9.831003035e+00 -6.7304e-01 +2.7625e+00 +1.9518e+00
% function evaluation | noise-free fitness - Fopt (-4.178000000000e+01) | best noise-free fitness - Fopt | measured fitness | best measured fitness | x1 | x2...
1 +2.923022931e+00 +2.923022931e+00 -3.885697707e+01 -3.885697707e+01 -1.9479e+00 +1.3478e+00 -1.9718e+00
99 +1.856053787e+00 +1.856053787e+00 -3.992394621e+01 -3.992394621e+01 -2.0914e+00 +7.8849e-01 -2.3866e+00
198 +1.158762256e+00 +1.158762256e+00 -4.062123774e+01 -4.062123774e+01 -1.9361e+00 +2.0437e+00 -2.1541e+00
260 +9.056736064e-01 +9.056736064e-01 -4.087432639e+01 -4.087432639e+01 -1.9802e+00 +2.0373e+00 -2.1542e+00
% function evaluation | noise-free fitness - Fopt (-4.187000000000e+01) | best noise-free fitness - Fopt | measured fitness | best measured fitness | x1 | x2...
1 +5.841729443e+03 +5.841729443e+03 +5.799859443e+03 +5.799859443e+03 -1.0172e+00 -1.0697e+00 +3.6961e+00
3 +2.211133828e+03 +2.211133828e+03 +2.169263828e+03 +2.169263828e+03 +3.5403e+00 +8.2152e-01 +7.1329e-01
4 +6.077213502e+02 +6.077213502e+02 +5.658513502e+02 +5.658513502e+02 +1.4192e+00 -1.4834e+00 +2.7739e+00
40 +2.519699689e+02 +2.519699689e+02 +2.100999689e+02 +2.100999689e+02 -3.2833e+00 -2.3807e+00 +6.8684e-01
41 +3.481138696e+00 +3.481138696e+00 -3.838886130e+01 -3.838886130e+01 -1.7700e+00 -1.8575e+00 +1.8140e+00
109 +1.670857346e+00 +1.670857346e+00 -4.019914265e+01 -4.019914265e+01 +2.0865e+00 -2.1687e+00 +1.1673e+00
149 +1.373208936e+00 +1.373208936e+00 -4.049679106e+01 -4.049679106e+01 +2.0865e+00 -2.1687e+00 +1.6887e+00
161 +8.923579338e-01 +8.923579338e-01 -4.097764207e+01 -4.097764207e+01 +2.0156e+00 -2.1425e+00 +1.7398e+00
189 +5.981482627e-01 +5.981482627e-01 -4.127185174e+01 -4.127185174e+01 +2.0865e+00 -2.1687e+00 +9.5384e-01
% function evaluation | noise-free fitness - Fopt (4.792100000000e+02) | best noise-free fitness - Fopt | measured fitness | best measured fitness | x1 | x2...
1 +5.923156761e+04 +5.923156761e+04 +5.971077761e+04 +5.971077761e+04 -3.8323e+00 +7.8227e-01 -2.8457e+00
2 +2.701500569e+01 +2.701500569e+01 +5.062250057e+02 +5.062250057e+02 -1.1486e+00 +2.6948e+00 +1.7123e+00
27 +5.335279202e+00 +5.335279202e+00 +4.845452792e+02 +4.845452792e+02 -3.4250e-01 +2.0184e-01 +1.5241e+00
68 +2.442173927e+00 +2.442173927e+00 +4.816521739e+02 +4.816521739e+02 -1.8343e+00 +2.1493e+00 +1.4360e+00
152 +1.293757365e+00 +1.293757365e+00 +4.805037574e+02 +4.805037574e+02 -2.0005e+00 +2.1210e+00 +1.2658e+00
193 +9.621125541e-01 +9.621125541e-01 +4.801721126e+02 +4.801721126e+02 -1.9015e+00 +2.0887e+00 +2.0837e+00
579 +4.677146560e-01 +4.677146560e-01 +4.796777147e+02 +4.796777147e+02 -1.9850e+00 +2.0884e+00 +2.0816e+00
% function evaluation | noise-free fitness - Fopt (1.000000000000e+03) | best noise-free fitness - Fopt | measured fitness | best measured fitness | x1 | x2...
1 +7.756482425e+04 +7.756482425e+04 +7.856482425e+04 +7.856482425e+04 -7.0035e-01 +4.2644e+00 -1.4998e+00
2 +4.584025472e+04 +4.584025472e+04 +4.684025472e+04 +4.684025472e+04 -3.7044e+00 +4.9234e+00 -7.5042e-02
3 +1.556180586e+03 +1.556180586e+03 +2.556180586e+03 +2.556180586e+03 -4.2356e+00 +1.1015e+00 +1.1606e+00
12 +8.717709840e+02 +8.717709840e+02 +1.871770984e+03 +1.871770984e+03 +2.1509e+00 -4.0184e+00 +2.0567e+00
24 +4.832708739e+00 +4.832708739e+00 +1.004832709e+03 +1.004832709e+03 -2.4081e+00 -5.5802e-01 +1.1066e+00
71 +1.699706071e+00 +1.699706071e+00 +1.001699706e+03 +1.001699706e+03 +6.5738e-01 -8.3861e-01 +2.4202e+00
132 +1.486763718e+00 +1.486763718e+00 +1.001486764e+03 +1.001486764e+03 +6.5738e-01 -7.9550e-01 +2.4202e+00
% function evaluation | noise-free fitness - Fopt (-1.610900000000e+02) | best noise-free fitness - Fopt | measured fitness | best measured fitness | x1 | x2...
1 +8.001717210e+04 +8.001717210e+04 +7.985608210e+04 +7.985608210e+04 +2.0560e+00 -1.8240e+00 +2.6368e+00
2 +5.790362050e+04 +5.790362050e+04 +5.774253050e+04 +5.774253050e+04 +2.5884e+00 +1.7944e+00 +3.0784e+00
3 +7.866054782e+03 +7.866054782e+03 +7.704964782e+03 +7.704964782e+03 +2.3558e+00 +3.5670e+00 -3.2641e+00
10 +1.423370500e+03 +1.423370500e+03 +1.262280500e+03 +1.262280500e+03 +1.1673e-01 -9.8955e-01 -2.6062e+00
19 +5.100292043e+00 +5.100292043e+00 -1.559897080e+02 -1.559897080e+02 -6.3929e-01 +8.2740e-01 -1.1777e+00
69 +3.747183219e+00 +3.747183219e+00 -1.573428168e+02 -1.573428168e+02 -1.2601e+00 +7.0854e-01 -2.1484e+00
75 +1.945216164e+00 +1.945216164e+00 -1.591447838e+02 -1.591447838e+02 -2.1573e+00 +1.4675e+00 -8.2399e-01
94 +1.507794546e+00 +1.507794546e+00 -1.595822055e+02 -1.595822055e+02 -2.1573e+00 +1.4675e+00 -1.1664e+00
% function evaluation | noise-free fitness - Fopt (1.231900000000e+02) | best noise-free fitness - Fopt | measured fitness | best measured fitness | x1 | x2...
1 +7.970723385e+04 +7.970723385e+04 +7.983042385e+04 +7.983042385e+04 -3.3370e+00 -3.9769e+00 +4.1371e+00
3 +2.171370665e+04 +2.171370665e+04 +2.183689665e+04 +2.183689665e+04 +1.0993e+00 -9.6189e-01 +1.3951e+00
8 +3.906616162e+03 +3.906616162e+03 +4.029806162e+03 +4.029806162e+03 -3.2467e+00 +2.4748e+00 -1.9721e+00
27 +1.345172418e+03 +1.345172418e+03 +1.468362418e+03 +1.468362418e+03 -4.3283e+00 -7.6521e-01 -2.2353e+00
30 +6.044587869e+00 +6.044587869e+00 +1.292345879e+02 +1.292345879e+02 +2.1679e+00 -2.7944e+00 -4.8638e-01
61 +3.302816239e+00 +3.302816239e+00 +1.264928162e+02 +1.264928162e+02 -1.8366e+00 -1.6310e+00 -1.6318e+00
140 +2.428737442e+00 +2.428737442e+00 +1.256187374e+02 +1.256187374e+02 +1.5851e+00 -2.2161e+00 -2.0453e+00
570 +1.275201703e+00 +1.275201703e+00 +1.244652017e+02 +1.244652017e+02 +1.4764e+00 -2.4247e+00 -2.0451e+00
% function evaluation | noise-free fitness - Fopt (-7.756000000000e+01) | best noise-free fitness - Fopt | measured fitness | best measured fitness | x1 | x2...
1 +1.069982806e+04 +1.069982806e+04 +1.062226806e+04 +1.062226806e+04 -1.1883e+00 -1.6195e+00 +4.3694e+00
15 +5.900829893e+03 +5.900829893e+03 +5.823269893e+03 +5.823269893e+03 +3.5526e+00 +1.5189e+00 -3.7295e-01
16 +2.471060924e+03 +2.471060924e+03 +2.393500924e+03 +2.393500924e+03 -2.5865e+00 +7.3063e-01 +2.0726e-01
18 +2.567815265e+00 +2.567815265e+00 -7.499218473e+01 -7.499218473e+01 +9.0926e-01 +2.4383e+00 +1.5898e+00
77 +2.453937489e+00 +2.453937489e+00 -7.510606251e+01 -7.510606251e+01 -1.5212e+00 +8.7271e-01 +1.5792e+00
110 +1.569982858e+00 +1.569982858e+00 -7.599001714e+01 -7.599001714e+01 -1.4596e+00 +8.8420e-01 +1.2528e+00
