% function evaluation | noise-free fitness - Fopt (-5.465000000000e+02) | best noise-free fitness - Fopt | measured fitness | best measured fitness | x1 | x2...
1 +3.773605989e+04 +3.773605989e+04 +3.718955989e+04 +3.718955989e+04 -3.0922e-01 +1.8970e+00 +4.0085e+00 +3.3666e+00 +2.6622e-01 +3.4181e+00 -9.0269e-01 +1.3916e+00 -1.9904e+00 +2.3768e+00 +3.6619e+00 -3.1842e+00 +1.1999e+00 -2.8080e+00 -1.3030e+00 -2.4662e+00 +4.2162e+00 -1.8781e+00 -5.1837e-01 +1.7251e-01
43 +2.157993722e+04 +2.157993722e+04 +2.103343722e+04 +2.103343722e+04 -6.9212e-01 +1.8991e+00 +4.0695e+00 -1.1157e-01 +2.0309e-01 +3.3900e+00 -1.3940e+00 -3.2415e-01 +1.3120e+00 +2.5175e+00 +3.0282e+00 -5.8064e-01 +1.6109e+00 -3.0486e+00 -8.2730e-01 -2.0979e+00 +4.0144e+00 +9.0854e-01 -3.1360e+00 +1.3841e+00
87 +9.839568923e+03 +9.839568923e+03 +9.293068923e+03 +9.293068923e+03 -1.4113e+00 +4.5997e-01 +3.1200e+00 +1.7732e+00 +1.0582e+00 +3.3683e+00 -2.0637e+00 +2.5765e+00 -1.5749e+00 +1.1393e+00 +2.3414e+00 -1.5914e+00 -4.9036e-01 -1.2776e+00 -2.3632e-02 -2.1685e+00 +6.8494e-01 -5.9191e-01 -1.7338e+00 +1.2330e+00
243 +6.202760928e+03 +6.202760928e+03 +5.656260928e+03 +5.656260928e+03 -4.7064e-01 +4.2625e-01 +1.5070e+00 +1.7626e+00 +1.0684e+00 +2.2981e+00 -2.6861e+00 +2.3758e+00 -1.5889e+00 +1.5477e+00 +2.4380e+00 -1.5985e+00 -4.2186e-01 -2.4141e+00 +8.1538e-01 -1.4274e+00 +2.5117e+00 -7.7771e-01 -1.3304e+00 +1.2598e+00
% function evaluation | noise-free fitness - Fopt (1.000000000000e+03) | best noise-free fitness - Fopt | measured fitness | best measured fitness | x1 | x2...
1 +1.109390987e+05 +1.109390987e+05 +1.119390987e+05 +1.119390987e+05 -4.5734e+00 +2.4041e+00 -1.8969e+00 +3.3636e+00 +4.7236e+00 +2.3345e+00 +3.8309e+00 -3.5142e-01 -3.4160e-01 -1.5173e+00 -4.4702e+00 -6.7229e-01 -4.8072e-01 -6.3172e-01 -1.8046e+00 +1.4604e+00 +1.2877e+00 +2.4263e+00 -4.1583e+00 -1.4413e+00
5 +9.562302548e+04 +9.562302548e+04 +9.662302548e+04 +9.662302548e+04 +1.9209e+00 -1.2089e-01 -4.4337e+00 +3.7705e+00 -4.8062e+00 -3.9397e+00 -4.9087e-01 +3.6439e+00 -3.8229e+00 -3.1211e+00 -8.0030e-01 -4.8878e+00 -3.2772e+00 -2.6580e-01 -3.0671e+00 -1.0651e+00 +4.2498e+00 -2.3483e+00 -1.2981e+00 +3.5703e+00
22 +6.092131815e+04 +6.092131815e+04 +6.192131815e+04 +6.192131815e+04 +4.6752e+00 +4.2294e+00 -4.9679e+00 +3.1669e+00 +9.2402e-01 +3.3119e+00 +2.4341e+00 -4.2628e+00 -4.9584e+00 +2.9132e+00 -2.0699e+00 -7.7071e-01 -2.6795e-01 -4.4478e+00 +2.7964e+00 -4.5907e+00 +1.2600e+00 -5.9612e-01 -3.7689e+00 +1.4020e+00
30 +2.870516898e+04 +2.870516898e+04 +2.970516898e+04 +2.970516898e+04 -4.3713e+00 +6.6632e-03 -2.3238e+00 -4.4729e+00 +2.0228e-01 -2.3075e+00 +1.9738e+00 +1.6538e+00 +2.9116e+00 -4.8517e+00 -2.2218e+00 -2.2507e+00 +3.2098e-01 -2.6371e+00 +1.4037e+00 -2.6613e+00 -2.5621e+00 +9.1679e-02 -4.1164e+00 +2.2572e-01
62 +2.339524002e+04 +2.339524002e+04 +2.439524002e+04 +2.439524002e+04 +2.5628e+00 +2.8988e+00 -3.8905e+00 +1.7256e+00 +7.6139e-01 +2.8800e+00 +2.2669e+00 -3.0195e+00 -4.3743e+00 -2.0266e+00 -2.2085e+00 -1.3148e+00 +2.0322e-01 -3.4292e+00 +1.4083e+00 -3.7252e+00 -1.8892e+00 -1.2115e-01 -3.9982e+00 +4.0989e-01
81 +1.249698368e+04 +1.249698368e+04 +1.349698368e+04 +1.349698368e+04 -4.2690e+00 +6.3918e-01 -1.9121e+00 -1.4536e+00 +8.7311e-01 +2.2634e-02 +7.3754e-01 +9.6624e-01 +3.8714e-01 -4.6191e+00 -2.3235e+00 -1.4302e+00 +4.5327e-01 -1.8403e+00 -8.9650e-01 -4.9498e-01 -5.9291e-01 +2.4380e-01 -3.6666e+00 -1.5571e-01
96 +9.746760481e+03 +9.746760481e+03 +1.074676048e+04 +1.074676048e+04 -1.9673e+00 +8.6524e-02 -1.2003e+00 -3.5973e+00 -8.7552e-01 -2.4861e+00 -2.0838e-01 +2.2798e+00 +2.6485e-01 -3.4995e+00 -1.5640e+00 -1.9942e+00 +1.4649e+00 -2.6691e+00 -1.9292e+00 -1.5396e+00 -2.2424e+00 +1.0204e-01 -3.0363e+00 -4.3379e-01
127 +4.719744510e+03 +4.719744510e+03 +5.719744510e+03 +5.719744510e+03 -2.3722e+00 +4.4411e-01 -1.3342e+00 +1.0369e+00 -1.0949e+00 -2.1338e+00 -5.1607e-02 +4.3681e-01 +4.5660e-01 -4.1379e+00 -1.6590e+00 -2.1544e+00 +1.2033e+00 -1.7974e+00 -2.5500e+00 -5.5356e-01 -1.9470e+00 -3.6252e-01 -2.1912e+00 +4.6576e-01
143 +3.882209595e+03 +3.882209595e+03 +4.882209595e+03 +4.882209595e+03 -1.7743e+00 -3.8884e-01 -2.0821e-01 -2.7788e+00 -1.0482e+00 -1.4700e+00 -3.3030e-01 +1.8703e+00 +2.7025e-01 -2.2156e+00 -1.6140e+00 -1.8530e+00 +8.8054e-01 -2.0293e+00 -2.3468e+00 -8.4178e-01 -1.4273e+00 +1.8950e-01 -1.9386e+00 +3.5057e-01
469 +2.495301385e+03 +2.495301385e+03 +3.495301385e+03 +3.495301385e+03 -1.7983e+00 -1.7100e-01 -3.1721e-01 -3.3592e+00 -9.8957e-01 -1.6117e+00 -2.9092e-01 +2.0191e+00 +2.7604e-01 -2.8642e+00 -1.5782e+00 -1.9243e+00 +6.9248e-01 -2.0433e+00 -2.2706e+00 -1.2307e+00 -1.9369e+00 +1.3327e-01 -2.4874e+00 +3.4235e-01
% function evaluation | noise-free fitness - Fopt (2.083800000000e+02) | best noise-free fitness - Fopt | measured fitness | best measured fitness | x1 | x2...
1 +1.685166731e+05 +1.685166731e+05 +1.687250531e+05 +1.687250531e+05 -1.3589e+00 -3.4033e+00 -1.2003e+00 +1.3220e+00 +4.6398e+00 +3.5522e-01 +1.3043e+00 -2.5276e+00 -3.4315e+00 -3.9263e+00 -2.2119e+00 -7.8417e-01 -9.4244e-01 +1.8036e+00 +3.6201e+00 +4.9858e+00 +4.3229e+00 -4.5897e+00 +3.8369e+00 -3.9493e-01
2 +4.108026778e+04 +4.108026778e+04 +4.128864778e+04 +4.128864778e+04 -2.9586e+00 +1.3519e+00 -1.2268e+00 +7.3050e-01 +2.6106e+00 -7.1326e-01 +4.8503e+00 -3.4295e+00 -3.6594e-01 +2.4612e+00 -2.1724e+00 +3.5862e+00 -1.1666e+00 -1.8687e+00 -2.1715e+00 -3.1934e+00 -1.6164e+00 +4.6787e+00 +2.6558e+00 +1.5828e+00
41 +2.707719267e+04 +2.707719267e+04 +2.728557267e+04 +2.728557267e+04 -2.1850e+00 -2.3827e+00 -1.2152e+00 +7.9660e-01 +2.8375e+00 +2.6010e-02 +2.9179e+00 -2.6837e+00 -1.2890e+00 -1.7528e+00 -2.1945e+00 +1.8072e+00 -1.1036e+00 -1.5376e+00 +3.2060e+00 -5.8088e-01 -8.6385e-01 +2.6814e-01 +3.2128e+00 +4.1059e-01
48 +1.755875403e+04 +1.755875403e+04 +1.776713403e+04 +1.776713403e+04 -2.4919e+00 +3.4502e+00 +3.3211e+00 +1.2173e+00 -2.9294e+00 -1.0856e+00 +2.1739e+00 -2.4106e+00 +1.1038e+00 -3.7730e-01 -6.9798e-01 +2.3573e+00 -4.9816e-01 -2.4862e+00 -1.3983e+00 -2.0496e-01 +2.7265e+00 +2.4011e+00 +2.6531e+00 +1.3496e+00
60 +1.516573293e+04 +1.516573293e+04 +1.537411293e+04 +1.537411293e+04 -2.3575e-02 +7.6139e-01 -1.1755e+00 +2.4712e+00 -2.1691e+00 -9.4271e-01 +3.2708e+00 +3.4251e-01 -7.2691e-01 +2.1368e+00 +1.9460e+00 +1.8614e-01 -1.2311e+00 -4.7350e-01 -1.1940e+00 -3.0417e+00 -1.5451e+00 +1.7689e+00 +3.7914e-01 +1.5734e+00
108 +7.513093772e+03 +7.513093772e+03 +7.721473772e+03 +7.721473772e+03 -9.4397e-01 +7.2781e-01 -1.4028e+00 +2.1432e+00 +1.7336e-01 -1.0128e+00 +1.0948e+00 -4.9826e-01 -1.1214e+00 +1.3503e+00 +1.7285e+00 +1.1209e+00 +1.8411e-01 -8.7212e-01 -1.3269e+00 -2.3728e+00 -1.2924e-01 +2.5868e+00 +8.5503e-01 +1.4250e+00
1342 +5.332446046e+03 +5.332446046e+03 +5.540826046e+03 +5.540826046e+03 -8.5448e-01 +7.3131e-01 -1.4239e+00 +2.2251e+00 -3.4216e-01 -8.9967e-01 +2.8916e+00 -6.5164e-01 -8.9647e-01 +1.7589e+00 +1.7531e+00 +9.9463e-01 -1.9100e-02 -1.4485e+00 -1.2220e+00 -3.0337e+00 -1.5784e-01 +2.2225e+00 +5.5805e-01 +1.4273e+00
% function evaluation | noise-free fitness - Fopt (-1.449600000000e+02) | best noise-free fitness - Fopt | measured fitness | best measured fitness | x1 | x2...
1 +1.276657019e+05 +1.276657019e+05 +1.275207419e+05 +1.275207419e+05 -4.5432e+00 +3.0688e+00 +3.6457e+00 -8.9751e-01 -3.7520e+00 +4.8876e+00 -6.3225e-01 +7.1915e-01 +5.0407e-01 -2.5219e+00 +2.0989e+00 +2.8251e+00 -1.9608e+00 +1.7447e+00 -2.4062e+00 -7.2938e-01 -3.3998e+00 +4.6305e+00 +4.5071e+00 -2.3782e+00
23 +8.643773362e+04 +8.643773362e+04 +8.629277362e+04 +8.629277362e+04 +2.3233e+00 -5.2348e-01 +1.7475e+00 -7.6844e-01 -3.2188e+00 -4.4112e+00 -7.7286e-01 +3.9476e+00 -2.8372e-01 -1.6741e+00 +1.0946e+00 +3.4780e+00 +2.3878e+00 +4.2060e+00 +4.5664e+00 -1.4807e+00 -5.6310e-01 +1.9293e+00 +1.9512e+00 +1.5944e+00
41 +4.485071529e+04 +4.485071529e+04 +4.470575529e+04 +4.470575529e+04 -4.4024e+00 +2.4476e+00 +2.1571e+00 -3.9090e+00 +1.7460e+00 -9.1147e-02 -4.6963e-01 +3.3698e+00 +3.3441e-01 -1.2126e+00 -9.3396e-01 +1.4358e+00 -3.2709e+00 +1.9006e+00 -5.6553e-01 -5.6053e-01 -3.2648e+00 +1.0322e+00 +4.4669e+00 -1.0988e+00
50 +2.729879515e+04 +2.729879515e+04 +2.715383515e+04 +2.715383515e+04 -7.6824e-01 -8.8689e-01 -1.8087e+00 -3.5076e+00 +1.8208e+00 -3.0351e+00 +6.1523e-01 +3.2273e+00 +2.8752e+00 +3.3688e+00 +2.8096e-01 +1.3598e+00 -2.1032e+00 +1.3540e+00 +2.7997e+00 +2.4330e+00 -2.8984e+00 -3.5530e-01 +4.5177e-01 +1.5895e-01
64 +2.208410790e+04 +2.208410790e+04 +2.193914790e+04 +2.193914790e+04 -3.4264e+00 +1.9755e+00 +2.8574e-01 -4.3955e-02 +1.9151e+00 +2.0946e+00 -2.5345e+00 -3.2587e+00 -1.6110e+00 +1.7626e+00 +2.3339e-01 +5.4802e-01 -1.8476e+00 +3.2538e+00 +2.6304e+00 -3.0733e-01 +3.6845e-01 -7.6629e-01 +4.0384e-01 -4.8760e-01
83 +1.459275360e+04 +1.459275360e+04 +1.444779360e+04 +1.444779360e+04 -1.8065e+00 +1.2743e+00 +1.4827e+00 -1.6220e-01 +1.7863e+00 -2.7740e+00 -9.7478e-01 +2.7963e+00 +7.6365e-01 +1.8278e+00 -1.3165e-01 +8.8259e-01 -2.1117e+00 +3.8637e+00 +1.5574e+00 +7.0069e-01 -5.1516e-01 -1.1922e+00 +2.1220e+00 -5.2927e-01
173 +8.796853394e+03 +8.796853394e+03 +8.651893394e+03 +8.651893394e+03 -2.7931e+00 +1.0078e+00 +7.0693e-01 -1.0077e+00 +1.4518e+00 -8.3888e-01 -1.8109e+00 -1.9719e-01 -2.2493e+00 +1.9971e+00 -7.0443e-01 +7.4860e-01 -1.9156e+00 +1.3081e+00 +1.7113e+00 -7.1052e-02 -9.2238e-01 -5.1327e-01 +1.5091e+00 -7.0670e-01
% function evaluation | noise-free fitness - Fopt (-6.300000000000e+00) | best noise-free fitness - Fopt | measured fitness | best measured fitness | x1 | x2...
1 +2.684426368e+05 +2.684426368e+05 +2.684363368e+05 +2.684363368e+05 +1.8338e+00 -8.4517e-01 +4.6927e+00 -3.9759e+00 +4.2123e+00 +1.6194e+00 -3.8114e+00 +2.5836e+00 +2.4534e+00 -3.3946e+00 +1.8671e+00 -3.6299e+00 -4.3219e+00 -1.1007e+00 +3.4590e+00 -4.7278e+00 -1.7704e+00 +1.6855e+00 -4.5403e+00 -2.8504e+00
2 +2.344275395e+05 +2.344275395e+05 +2.344212395e+05 +2.344212395e+05 +9.5356e-01 +2.9913e+00 -1.9366e-01 -2.6047e+00 -2.5207e+00 -3.4256e+00 -1.3128e+00 +4.1155e+00 +2.8729e+00 -4.4800e+00 +4.5129e+00 -4.0544e-02 +3.7176e+00 -3.7800e+00 -4.7739e+00 -7.3208e-01 -3.6589e-01 +3.3441e+00 -4.5635e-01 -3.3557e+00
13 +1.577761146e+05 +1.577761146e+05 +1.577698146e+05 +1.577698146e+05 +4.9945e-01 +4.2753e+00 +4.0574e+00 +2.3841e+00 +3.1776e+00 +4.3206e+00 -4.6217e+00 +9.2713e-02 -4.9518e+00 -1.7984e+00 +2.1748e+00 +1.3231e+00 -2.5552e-01 +4.6228e-01 -3.5481e+00 +2.9657e+00 +7.0359e-02 +2.0236e+00 +1.3137e+00 -3.8193e+00
14 +3.252158360e+04 +3.252158360e+04 +3.251528360e+04 +3.251528360e+04 -9.9612e-01 +3.7628e+00 -2.5318e-01 +3.2478e+00 -2.3009e+00 +2.4197e+00 -6.5876e-01 -1.6280e+00 +2.5029e+00 +1.5117e-01 +2.7717e+00 -1.1625e+00 -2.6277e+00 -1.3608e+00 -1.7627e+00 +9.2605e-01 -1.0659e+00 +4.1124e-01 -3.0014e+00 +5.6839e-01
60 +2.190884781e+04 +2.190884781e+04 +2.190254781e+04 +2.190254781e+04 -2.1924e+00 +3.9430e-01 +2.6033e+00 +2.2592e+00 -3.4506e+00 -1.1836e+00 -1.0294e+00 -3.4722e+00 +1.2813e+00 -3.2848e-01 +1.2008e+00 +1.8227e-01 -2.1896e+00 -2.1811e+00 -1.8066e+00 +1.8291e+00 -3.5594e-01 -1.3974e+00 -1.1686e+00 +5.5338e-01
67 +1.440572471e+04 +1.440572471e+04 +1.439942471e+04 +1.439942471e+04 -9.4398e-01 +2.9810e+00 +1.7918e+00 +3.0258e+00 -2.3740e+00 -3.0411e+00 -9.3901e-01 -2.7751e+00 -1.8286e+00 +1.8208e+00 +1.4464e+00 -1.1825e+00 -3.7209e+00 +7.5085e-01 -1.5881e+00 +2.7116e+00 -1.9624e+00 +5.9609e-01 -3.1537e+00 -1.2684e+00
118 +9.237450551e+03 +9.237450551e+03 +9.231150551e+03 +9.231150551e+03 -1.2455e+00 +3.1858e+00 -7.4791e-02 +2.6990e+00 -3.0417e+00 -1.8859e+00 -4.0791e-01 -2.5599e+00 -1.7390e+00 -2.6838e-01 +1.5953e+00 +3.4767e-01 -2.8660e+00 +1.9506e-01 -1.4707e+00 +2.4660e+00 -1.2451e+00 +3.1127e-02 -2.2856e+00 -6.4987e-01
137 +5.277751891e+03 +5.277751891e+03 +5.271451891e+03 +5.271451891e+03 -1.2298e+00 +2.8555e+00 -7.1465e-02 +1.1258e+00 -2.9472e+00 -1.8185e+00 -4.2138e-01 -2.5504e+00 -4.7152e-01 +1.0543e+00 +1.3448e+00 +2.4155e-01 -2.1653e+00 -5.2876e-01 -1.2553e+00 +2.0507e+00 -1.7477e+00 +1.6238e-01 -2.3052e+00 -8.9241e-01
216 +3.897081743e+03 +3.897081743e+03 +3.890781743e+03 +3.890781743e+03 -1.1400e+00 +2.8578e+00 -7.0596e-02 +1.3113e+00 -2.9567e+00 -1.1439e+00 -4.1159e-01 -2.4801e+00 +4.8443e-01 +8.5630e-01 +1.1541e+00 +2.3766e-01 -2.4133e+00 -3.8228e-01 -1.2576e+00 +2.0022e+00 -1.6368e+00 -5.5090e-03 -2.2975e+00 -8.8058e-01
% function evaluation | noise-free fitness - Fopt (-2.004200000000e+02) | best noise-free fitness - Fopt | measured fitness | best measured fitness | x1 | x2...
1 +1.771962534e+05 +1.771962534e+05 +1.769958334e+05 +1.769958334e+05 -6.8954e-01 -4.0825e+00 -4.8599e+00 +4.7348e+00 +2.5728e+00 -3.4432e+00 -6.9004e-01 +2.2570e+00 -4.4842e+00 +4.3792e+00 +1.2695e+00 -2.4376e-01 +2.5434e-01 -1.5050e+00 -4.4495e+00 -3.0268e+00 +4.6872e+00 +1.1276e+00 -7.8049e-01 +3.8504e+00
5 +1.512927598e+05 +1.512927598e+05 +1.510923398e+05 +1.510923398e+05 -4.2405e+00 +3.0234e+00 +1.7291e+00 +1.9839e+00 -4.1803e-01 +1.2245e+00 +1.1308e+00 +4.5954e+00 -4.0362e+00 -5.4234e-01 +2.9182e+00 -5.8649e-01 -4.4185e+00 -2.3098e+00 +2.6726e-01 -1.7861e+00 +1.8922e+00 -3.9772e+00 -2.8620e+00 +3.0212e+00
27 +8.366750975e+04 +8.366750975e+04 +8.346708975e+04 +8.346708975e+04 +2.0507e+00 +9.7322e-01 +3.0317e+00 +5.7106e-01 -2.3938e+00 -1.6545e-01 +3.6394e-01 -3.9762e+00 +1.5831e+00 -2.8386e+00 +5.4015e-01 -4.6078e+00 -1.0778e+00 +2.3584e-01 +4.0411e+00 -2.7643e+00 +3.7430e+00 -2.4156e+00 -7.8425e-01 -2.1708e+00
28 +4.252436111e+04 +4.252436111e+04 +4.232394111e+04 +4.232394111e+04 -4.3580e+00 +9.5483e-01 +1.3112e+00 -2.7162e+00 -2.7479e-01 +2.6477e+00 -2.3760e+00 -2.4817e+00 -1.0181e+00 -1.4532e+00 +3.7236e+00 -3.3839e+00 -1.8453e+00 -2.1873e+00 +7.3127e-02 +2.4089e+00 +4.8351e+00 +1.0227e+00 -3.1072e+00 +2.3116e+00
42 +2.947269613e+04 +2.947269613e+04 +2.927227613e+04 +2.927227613e+04 +9.3410e-01 -2.1154e+00 +1.8506e+00 -2.8914e+00 +1.3638e+00 +5.7660e-01 -8.6788e-01 -1.7459e+00 -9.0438e-01 -1.7628e+00 -1.3782e+00 -4.1117e+00 -8.7400e-01 +1.2231e+00 -4.8613e-01 -2.2692e-01 +4.8185e+00 +9.9510e-01 -2.9560e+00 +2.2468e+00
50 +1.004608736e+04 +1.004608736e+04 +9.845667355e+03 +9.845667355e+03 +4.4190e-01 +9.5079e-01 +4.2403e-01 -2.1888e+00 -3.4906e-01 +2.6581e+00 -2.2491e-01 -2.6220e+00 +1.0910e+00 -4.4651e-02 +2.4988e+00 -3.9935e+00 -1.4170e+00 -1.1418e-01 +1.1233e+00 +2.3069e-01 +3.5914e+00 +1.3127e+00 -2.4939e+00 +7.6698e-01
92 +7.791278874e+03 +7.791278874e+03 +7.590858874e+03 +7.590858874e+03 +4.4190e-01 +9.5079e-01 +4.2403e-01 -2.1888e+00 -3.4906e-01 +2.6581e+00 -2.2491e-01 -2.6220e+00 +1.0910e+00 -4.4651e-02 +2.4988e+00 -3.3881e+00 -1.4170e+00 -1.1418e-01 +1.1233e+00 +2.3069e-01 +3.5914e+00 +1.3127e+00 -2.4939e+00 +7.6698e-01
161 +4.245853181e+03 +4.245853181e+03 +4.045433181e+03 +4.045433181e+03 -1.0900e-01 +8.9255e-01 +1.8697e-01 -2.4087e+00 -2.5935e-01 +2.1016e+00 -3.7738e-01 -2.1479e+00 +7.8693e-01 +1.3116e-01 +2.1155e+00 -3.4470e+00 -1.3357e+00 -6.8830e-01 +3.5822e-01 -1.0235e-01 +2.6821e+00 +1.2101e+00 -2.4167e+00 +9.0894e-01
163 +3.579634628e+03 +3.579634628e+03 +3.379214628e+03 +3.379214628e+03 +1.1818e-01 +9.3892e-01 +9.5545e-01 -2.4256e+00 +4.1605e-02 +2.2191e+00 -3.2262e-01 -1.0305e+00 +1.2283e+00 -2.2103e-01 -2.5227e-01 -3.7479e+00 -6.6225e-01 -4.3267e-01 +8.6977e-01 +3.5542e-01 +2.7935e+00 +1.0226e+00 -2.4408e+00 +3.9210e-01
260 +2.212572985e+03 +2.212572985e+03 +2.012152985e+03 +2.012152985e+03 -1.0259e-01 +9.5023e-01 +7.5604e-01 -2.4542e+00 -9.5808e-02 +2.3198e+00 -3.1970e-01 -1.8603e+00 +1.1227e+00 -3.3267e-01 +8.5065e-01 -3.6211e+00 -6.8279e-01 -3.6870e-01 +7.6841e-01 -3.2498e-01 +2.8414e+00 +1.0321e+00 -2.4464e+00 +3.4405e-01
824 +1.464751540e+03 +1.464751540e+03 +1.264331540e+03 +1.264331540e+03 -7.6687e-02 +8.3473e-01 +7.4843e-01 -2.4217e+00 -1.8418e-01 +2.2775e+00 -3.0648e-01 -1.8120e+00 +8.9347e-01 -4.2475e-01 +8.9055e-01 -3.3960e+00 -6.9482e-01 -3.9669e-01 +8.5406e-01 -3.0549e-01 +2.8589e+00 +1.0480e+00 -2.4440e+00 +6.5643e-01
% function evaluation | noise-free fitness - Fopt (-2.348100000000e+02) | best noise-free fitness - Fopt | measured fitness | best measured fitness | x1 | x2...
1 +1.410791123e+05 +1.410791123e+05 +1.408443023e+05 +1.408443023e+05 +2.2423e+00 -4.4755e+00 +3.2362e-01 -3.1471e+00 -4.7059e+00 -8.7591e-02 -1.0042e+00 +4.0398e-01 -3.8057e+00 +1.0281e+00 +4.1652e+00 -2.8121e+00 -2.3708e+00 -2.6375e-01 -3.2549e+00 +3.2096e+00 +4.8218e+00 +1.6570e+00 +3.3507e+00 +4.5840e+00
13 +5.248993523e+04 +5.248993523e+04 +5.225512523e+04 +5.225512523e+04 +3.9419e+00 -2.7371e+00 +6.5028e-01 +3.2312e+00 +3.2199e+00 -2.9569e+00 -4.9776e+00 +3.2160e+00 -2.6473e+00 -2.7473e+00 -9.4155e-01 +4.5457e+00 -3.3460e+00 -1.1578e+00 +2.0820e+00 -1.2119e+00 -6.0193e-01 +8.6492e-01 +2.5689e+00 +1.1855e+00
41 +3.924101166e+04 +3.924101166e+04 +3.900620166e+04 +3.900620166e+04 +1.0759e+00 -3.7205e+00 +1.2495e+00 -2.1988e+00 -4.7805e+00 -3.3141e-01 +2.5842e+00 +2.1141e+00 -3.5308e+00 +4.0043e-01 +3.7066e+00 -2.1506e+00 -1.4507e+00 -1.9014e-01 -5.0121e-01 +1.9681e+00 +4.7852e+00 +8.5809e-01 +3.1575e+00 +1.0140e+00
42 +1.169978571e+04 +1.169978571e+04 +1.146497571e+04 +1.146497571e+04 -1.8214e+00 +1.6393e+00 +2.1018e+00 -1.1569e+00 -4.4413e-01 +4.4008e-01 +3.2637e-01 +1.0215e+00 +1.6208e+00 -4.5288e-01 -5.0774e-01 +3.2456e+00 -3.8778e-01 -1.4992e+00 +3.0995e-01 +7.9030e-02 +2.7228e-01 +1.2128e+00 +2.4906e+00 -5.9237e-01
87 +8.235302148e+03 +8.235302148e+03 +8.000492148e+03 +8.000492148e+03 -2.0381e+00 +1.8776e-02 +2.1422e+00 +1.0352e-01 -1.8895e-01 +4.0853e-01 +2.3935e+00 +1.0403e+00 +1.6243e+00 +8.0549e-02 -3.7748e-01 +8.6079e-02 -3.4077e-01 -1.3862e+00 -5.0158e-01 -3.1181e-01 +1.7253e-01 +7.4152e-01 +3.4176e+00 +1.3751e+00
122 +5.586701483e+03 +5.586701483e+03 +5.351891483e+03 +5.351891483e+03 -1.9990e+00 +1.6098e+00 +2.1165e+00 -3.2086e-01 -4.0961e-01 +4.1752e-01 +2.1329e+00 +1.0305e+00 +1.6211e+00 -6.1422e-02 -3.8337e-01 +8.0838e-01 -3.5954e-01 -1.4941e+00 +2.3098e-01 -7.6047e-02 +2.3093e-01 +9.6054e-01 +2.6632e+00 +8.5234e-02
149 +2.331652694e+03 +2.331652694e+03 +2.096842694e+03 +2.096842694e+03 -2.8627e+00 +5.2576e-01 +7.5693e-01 -4.2795e-01 -3.7890e-01 +4.5386e-01 +1.2082e-01 +1.2788e+00 -3.8340e-01 -3.3264e-01 -7.2899e-01 +4.8606e-01 -3.7257e-01 -1.0723e+00 +5.0457e-01 -3.4393e-01 +1.1603e+00 +6.4910e-01 +2.3146e+00 +1.4176e-01
180 +4.888798993e+02 +4.888798993e+02 +2.540698993e+02 +2.540698993e+02 -2.6534e+00 +4.9892e-01 -3.4029e-02 -8.3395e-02 -4.9041e-01 +4.2729e-01 +2.2562e+00 +1.3102e+00 -3.1836e-01 +8.7087e-01 -5.6144e-01 +4.3801e-01 -2.4959e-01 -1.1069e+00 +2.0280e-01 -5.5478e-01 +1.2189e+00 +5.6608e-01 +2.3239e+00 +1.1078e+00
319 +3.332253078e+02 +3.332253078e+02 +9.841530783e+01 +9.841530783e+01 -2.6777e+00 +4.4765e-01 +7.0518e-01 -4.5021e-03 -4.2279e-01 -3.8991e-02 +1.9372e+00 +1.2825e+00 -3.1729e-01 +8.1284e-01 -4.9285e-01 +4.4082e-01 -3.5141e-01 -1.1204e+00 +3.2284e-01 -5.4127e-01 +1.1466e+00 +6.0628e-01 +2.3625e+00 +1.1048e+00
% function evaluation | noise-free fitness - Fopt (8.710000000000e+00) | best noise-free fitness - Fopt | measured fitness | best measured fitness | x1 | x2...
1 +3.599723214e+05 +3.599723214e+05 +3.599810314e+05 +3.599810314e+05 -1.3122e+00 +4.2782e+00 -2.0171e+00 -1.1434e+00 +9.2114e-01 +3.0427e+00 -1.2303e+00 -3.1962e+00 +4.8542e+00 +3.8538e+00 +3.9459e+00 -3.6497e-01 +3.9366e+00 -1.2876e+00 +9.8157e-01 -2.1862e+00 +2.2138e+00 +3.1462e+00 +3.3939e+00 -4.4713e+00
4 +9.451772761e+04 +9.451772761e+04 +9.452643761e+04 +9.452643761e+04 +1.6842e+00 -1.1335e+00 -3.8536e+00 +3.0523e+00 -3.9190e+00 -2.5735e+00 -2.3968e+00 +3.3597e+00 +3.5802e-01 -2.1122e+00 +3.4850e+00 +1.7872e+00 +3.2028e+00 -4.8586e+00 +2.6101e+00 +1.1066e+00 +4.0139e+00 +4.3615e-01 +1.3214e+00 -1.6449e-02
17 +6.124021271e+04 +6.124021271e+04 +6.124892271e+04 +6.124892271e+04 -2.0573e+00 +1.3551e+00 -1.2231e-01 +3.3185e+00 +5.2347e-01 -2.4540e+00 +2.0870e-01 +3.5989e-01 -3.5847e+00 +2.7566e+00 -5.3339e-01 -1.7800e-01 +8.0664e-01 +1.2856e+00 +2.6101e+00 -8.0081e-01 +4.6552e+00 -2.3425e+00 -2.7602e+00 +2.2564e+00
46 +3.555187863e+04 +3.555187863e+04 +3.556058863e+04 +3.556058863e+04 +3.6765e-01 +3.2662e+00 +4.2544e+00 +1.6147e+00 -4.3103e+00 +2.8802e+00 +1.3433e+00 -2.3939e+00 -2.8743e+00 +2.7167e+00 -5.2908e-01 -1.3715e+00 +1.4523e+00 -2.6542e+00 +1.2820e+00 -6.6232e-01 -1.8703e+00 -6.9751e-01 -1.6882e+00 +1.4003e+00
70 +2.062637448e+04 +2.062637448e+04 +2.063508448e+04 +2.063508448e+04 -2.5208e+00 +6.8020e-02 +2.6221e+00 +6.6467e-01 -2.4944e+00 +2.2502e-01 +3.2266e+00 -3.5667e+00 -4.1541e+00 -2.1201e+00 -5.6855e-02 +5.9323e-01 +1.4443e+00 +1.0381e-01 -1.7792e-01 -3.0058e+00 -1.5315e+00 -3.3382e+00 -2.0970e+00 +9.1271e-01
85 +1.554336373e+03 +1.554336373e+03 +1.563046373e+03 +1.563046373e+03 +1.3192e+00 +1.8084e+00 -1.5848e-01 +7.9328e-01 -7.2799e-01 +1.3132e+00 +2.0320e+00 -2.1290e+00 +8.1784e-01 -2.0030e+00 +6.8448e-01 -1.5841e+00 +1.8559e+00 -2.8404e+00 -1.0947e+00 -1.9805e+00 +6.8040e-01 -2.0368e+00 -5.2339e-01 +1.2069e+00
205 +8.644300265e+02 +8.644300265e+02 +8.731400265e+02 +8.731400265e+02 +1.3524e+00 +2.4621e+00 -2.2680e-02 +6.7888e-01 -7.2486e-01 +1.4738e+00 +1.3155e+00 -1.2803e+00 +9.1484e-01 -1.2815e+00 +7.5570e-01 -1.5839e+00 +1.8462e+00 -2.8401e+00 -1.1238e+00 -1.8982e+00 +6.7936e-01 -1.9190e+00 -4.2213e-01 +1.9536e+00
230 +6.264782350e+02 +6.264782350e+02 +6.351882350e+02 +6.351882350e+02 +1.3330e+00 +2.3425e+00 -1.0418e-01 +7.6345e-01 -7.2764e-01 +1.8253e+00 +1.1078e+00 -1.8404e+00 +8.4884e-01 -8.3772e-01 +7.2230e-01 -1.5839e+00 +1.8452e+00 -2.8401e+00 -1.1938e+00 -1.5923e+00 +6.7567e-01 -1.9134e+00 -4.2428e-01 +1.9997e+00
473 +1.389371030e+02 +1.389371030e+02 +1.476471030e+02 +1.476471030e+02 +1.3454e+00 +2.0458e+00 -1.0554e-02 +6.9056e-01 -7.2790e-01 +1.6931e+00 +1.0480e+00 -2.3384e+00 +8.7808e-01 -1.4009e+00 +7.7456e-01 -1.5839e+00 +7.9447e-01 -2.8399e+00 -1.1097e+00 -1.8190e+00 +6.7848e-01 -2.1019e+00 -4.7576e-01 +1.6981e+00
% function evaluation | noise-free fitness - Fopt (-4.178000000000e+01) | best noise-free fitness - Fopt | measured fitness | best measured fitness | x1 | x2...
1 +2.323389961e+05 +2.323389961e+05 +2.322972161e+05 +2.322972161e+05 +4.4336e+00 +3.0162e+00 +2.3049e-01 -9.0063e-02 -4.7936e+00 +2.3508e+00 +4.8352e+00 -4.0782e+00 -3.0984e+00 -2.3527e+00 -1.2771e-01 -4.0969e+00 +3.4281e+00 +2.4664e+00 +4.6568e-01 +2.5966e+00 -4.1886e+00 -2.2953e+00 -3.0977e+00 +1.1016e+00
2 +1.516388748e+05 +1.516388748e+05 +1.515970948e+05 +1.515970948e+05 +2.0082e-01 -4.6280e+00 +2.1409e+00 -4.0649e+00 -2.4560e-01 +3.2963e-01 +3.6011e+00 -3.2968e-01 -5.8528e-01 -8.1475e-01 -4.6940e+00 -4.8183e+00 -4.2783e+00 -1.9757e+00 +3.1154e+00 +4.4255e+00 +5.0193e-01 -1.7828e+00 -2.1061e+00 +4.0753e+00
17 +8.148269147e+04 +8.148269147e+04 +8.144091147e+04 +8.144091147e+04 -1.4924e+00 -4.5410e+00 -9.3414e-01 +7.0009e-01 +4.2699e+00 -4.3992e+00 +1.7880e+00 +2.6405e+00 -1.6565e+00 +2.3058e+00 -1.3982e+00 +2.5243e+00 +3.8607e+00 -1.7374e+00 +3.0417e+00 +9.9859e-01 +4.9597e+00 -2.5561e+00 +3.8132e+00 +3.7293e+00
42 +4.135747191e+04 +4.135747191e+04 +4.131569191e+04 +4.131569191e+04 +5.2861e-01 -3.4585e-01 -7.4735e-01 -4.0316e+00 +9.0047e-01 -1.0519e+00 +7.4264e-01 -3.9144e-01 -1.0685e+00 -2.4979e+00 +3.4571e+00 -4.0316e+00 -4.4218e+00 -2.2931e+00 +3.1033e+00 +3.6394e+00 +2.2916e+00 -1.8997e+00 +3.2886e+00 +2.1901e+00
43 +2.476334264e+04 +2.476334264e+04 +2.472156264e+04 +2.472156264e+04 +2.4447e+00 +2.2151e+00 -1.0189e+00 +1.9845e+00 -4.6493e-01 -2.0647e+00 +4.0054e+00 -2.2240e+00 -8.0826e-01 -2.5414e+00 +4.0962e+00 -1.0162e+00 -5.1522e-01 -1.7432e+00 +2.5565e+00 -9.9567e-01 +4.0209e+00 -2.5369e+00 +3.4901e+00 +2.4207e+00
48 +7.416131496e+03 +7.416131496e+03 +7.374351496e+03 +7.374351496e+03 -1.3425e+00 -3.7168e-02 -1.5148e+00 +2.7145e-01 -1.9236e+00 -3.8852e+00 +3.4402e-01 -1.8991e+00 -8.7682e-01 +1.1752e+00 +3.9710e+00 +9.0324e-01 -3.1527e+00 -2.0249e+00 +2.4724e+00 +7.9962e-01 -3.9856e-01 -1.2913e+00 +1.5144e+00 +5.8399e-01
110 +4.152476625e+03 +4.152476625e+03 +4.110696625e+03 +4.110696625e+03 -1.3425e+00 -3.7168e-02 -1.5148e+00 +2.7145e-01 -1.9236e+00 -3.8852e+00 +3.4402e-01 -1.8991e+00 -8.7682e-01 +1.1752e+00 +3.9710e+00 +9.0324e-01 -3.1527e+00 -2.0249e+00 +2.4724e+00 +7.9962e-01 +1.5730e+00 -1.2913e+00 +1.5144e+00 +5.8399e-01
122 +3.916454907e+03 +3.916454907e+03 +3.874674907e+03 +3.874674907e+03 -1.3425e+00 -3.7168e-02 -1.5148e+00 +2.7145e-01 -1.6030e+00 -3.8852e+00 +3.4402e-01 -1.8991e+00 -8.7682e-01 +1.1752e+00 +3.9710e+00 +9.0324e-01 -3.1527e+00 -2.0249e+00 +2.4724e+00 +7.9962e-01 +1.5730e+00 -1.2913e+00 +1.5144e+00 +5.8399e-01
126 +1.581951866e+03 +1.581951866e+03 +1.540171866e+03 +1.540171866e+03 -1.1419e+00 -1.4780e-01 -1.1248e+00 +2.6829e-01 -1.0580e+00 -3.8772e+00 +7.0558e-02 -1.7691e+00 -1.2989e+00 -1.1673e-01 +3.6509e+00 +1.8352e-01 -3.2489e+00 -2.0482e+00 +2.4111e+00 +5.7170e-01 +1.5602e+00 -1.5190e+00 +2.2200e+00 +5.9999e-01
253 +9.946033306e+02 +9.946033306e+02 +9.528233306e+02 +9.528233306e+02 -1.1081e+00 -1.2630e-01 -1.1422e+00 +2.6632e-01 -8.6888e-01 -3.5273e+00 +7.9431e-02 -1.7692e+00 -1.2941e+00 -1.0222e-01 +3.5265e+00 +1.8435e-01 -3.1670e+00 -2.0485e+00 +2.4255e+00 +3.4647e-01 +1.5486e+00 -1.5062e+00 +2.1526e+00 +6.3355e-01
% function evaluation | noise-free fitness - Fopt (-4.187000000000e+01) | best noise-free fitness - Fopt | measured fitness | best measured fitness | x1 | x2...
1 +3.194205331e+05 +3.194205331e+05 +3.193786631e+05 +3.193786631e+05 +1.3303e+00 +4.4000e-01 -1.5155e+00 +4.9583e+00 +4.4977e+00 +6.0630e-01 +2.7685e+00 -7.5348e-01 -4.5021e+00 +3.4036e+00 -4.7450e+00 -3.1015e-01 -3.2672e+00 +3.4280e+00 +9.2419e-01 -4.9037e+00 -4.5111e+00 +7.2864e-01 -2.1189e+00 +3.3239e+00
2 +2.459192970e+05 +2.459192970e+05 +2.458774270e+05 +2.458774270e+05 -9.9701e-01 -2.4433e+00 +1.6557e+00 +6.7289e-01 -7.5457e-01 -2.0051e+00 +2.6129e+00 +1.2616e+00 -2.4225e+00 +2.1333e+00 +3.8247e+00 -3.8249e+00 +1.2755e+00 -4.7632e+00 +4.6387e+00 -1.6429e+00 -1.5076e-01 -4.8172e-01 +6.5643e-01 -2.0134e+00
5 +5.159187351e+04 +5.159187351e+04 +5.155000351e+04 +5.155000351e+04 -1.2571e+00 -1.3849e+00 +1.5424e+00 +3.3822e+00 -1.1702e+00 +4.3311e+00 -2.8290e+00 -2.2596e+00 +6.4113e-01 -3.3929e+00 +2.9024e+00 -1.1318e+00 +2.9925e+00 -2.4602e+00 +6.9654e-02 +4.0861e+00 -2.6294e+00 +2.5495e+00 +4.4717e-01 +6.3615e-01
39 +3.626390363e+04 +3.626390363e+04 +3.622203363e+04 +3.622203363e+04 +1.9831e+00 +1.4898e-02 +4.6379e+00 +3.0401e+00 +2.4467e+00 -3.6901e+00 -3.2653e+00 -7.6628e-01 -1.6235e+00 +8.3297e-01 -5.4745e-01 -2.6956e-01 +4.8879e+00 +1.6577e+00 +4.3393e-01 -3.5346e-02 -3.6788e-01 +4.1707e+00 +6.7519e-01 +3.2845e+00
45 +1.974924633e+04 +1.974924633e+04 +1.970737633e+04 +1.970737633e+04 +1.3653e+00 -3.5925e-01 +2.0364e+00 +3.3808e+00 +3.5780e-01 +2.4797e-01 -2.9730e+00 -9.9889e-01 -1.0898e+00 +2.4843e-01 +1.6215e+00 -2.9463e-01 +4.7691e+00 +1.6086e+00 +2.0492e-01 +6.0090e-01 -1.0821e+00 +3.8501e+00 +6.7517e-01 +1.8594e+00
70 +1.376949093e+04 +1.376949093e+04 +1.372762093e+04 +1.372762093e+04 +3.1448e-01 +3.8175e-01 +1.3920e+00 +2.8222e+00 +2.2025e+00 -3.6239e+00 -2.6125e+00 -2.6471e+00 -1.6749e-01 +1.2367e+00 -7.9676e-01 -1.7779e+00 +2.6732e+00 +7.0911e-01 +2.1506e-01 +3.6464e-01 +3.6032e+00 +1.6062e+00 +2.6791e+00 +1.0346e+00
84 +6.846784972e+03 +6.846784972e+03 +6.804914972e+03 +6.804914972e+03 +2.0483e+00 -1.8465e-01 +8.7355e-01 +1.1445e+00 +2.6127e+00 -2.1826e-02 -2.3690e+00 -5.8695e-01 -3.0500e-01 +1.9582e+00 +4.5355e-01 +9.1625e-01 +4.5599e+00 -3.1007e-01 -9.7029e-01 +5.9659e-01 +1.0046e+00 +2.0963e+00 +2.3416e+00 +8.7274e-01
101 +4.091050592e+03 +4.091050592e+03 +4.049180592e+03 +4.049180592e+03 +4.0080e+00 -7.5456e-01 +3.4133e+00 +1.5964e+00 +1.4013e+00 +1.0192e+00 -1.9036e+00 -1.3190e+00 -1.4316e+00 +9.9837e-01 +6.1377e-01 -4.6407e-01 +2.2429e-01 -2.9656e-01 -1.2098e+00 +1.2573e-01 +1.3032e+00 +2.2878e+00 +8.0006e-02 +2.4764e+00
124 +2.924846324e+03 +2.924846324e+03 +2.882976324e+03 +2.882976324e+03 +4.0080e+00 -7.5456e-01 +3.4133e+00 +1.5964e+00 +1.4013e+00 +1.0192e+00 -1.9036e+00 -1.3190e+00 -1.4316e+00 +9.9837e-01 +6.1377e-01 -4.6407e-01 +2.2429e-01 +6.9516e-01 -1.2098e+00 +1.2573e-01 +1.3032e+00 +2.2878e+00 +8.0006e-02 +2.4764e+00
150 +2.270046120e+03 +2.270046120e+03 +2.228176120e+03 +2.228176120e+03 +3.8477e+00 -8.7016e-01 +3.2482e+00 +6.3326e-01 +8.5319e-01 +1.0330e+00 -1.8942e+00 -1.3069e+00 +6.1141e-01 +9.2828e-01 +3.8602e-01 +1.7759e-02 +3.6252e+00 -4.8788e-01 -1.2311e+00 +1.8618e-01 +1.2842e+00 +2.5121e+00 +9.7329e-01 +2.6119e+00
169 +1.313428404e+03 +1.313428404e+03 +1.271558404e+03 +1.271558404e+03 +3.9030e+00 -6.0837e-01 +3.3152e+00 +7.8581e-01 +8.9364e-01 +2.6360e-01 -1.8231e+00 +1.3085e+00 +9.9907e-01 +8.7541e-01 +3.9494e-01 -2.8648e-01 +1.8053e+00 +1.0511e-02 -1.3941e+00 +1.7959e-01 +1.2731e+00 +2.5564e+00 +4.5257e-01 +2.6265e+00
176 +8.891248287e+02 +8.891248287e+02 +8.472548287e+02 +8.472548287e+02 +3.5532e+00 -8.3814e-01 +3.0720e+00 +1.5062e+00 +8.7275e-01 +1.0410e+00 -1.8959e+00 -1.2932e+00 -2.1142e-02 +9.2787e-01 +4.0369e-01 -1.1559e-01 +2.8141e+00 -7.5302e-02 -8.9829e-01 +1.7874e-01 +1.1102e+00 +2.5026e+00 +3.4073e-01 +2.1629e+00
248 +6.080067658e+02 +6.080067658e+02 +5.661367658e+02 +5.661367658e+02 +3.6117e+00 -8.4424e-01 +3.0834e+00 +7.4947e-01 +5.0812e-01 +8.7507e-01 -1.8970e+00 +1.6594e-01 +9.9146e-02 +9.1990e-01 +6.0075e-01 -1.1343e-01 +2.8596e+00 -1.7701e-01 -1.1918e+00 +3.6543e-01 +1.1702e+00 +2.5623e+00 +7.8471e-01 +2.5019e+00
% function evaluation | noise-free fitness - Fopt (4.792100000000e+02) | best noise-free fitness - Fopt | measured fitness | best measured fitness | x1 | x2...
1 +1.651688491e+05 +1.651688491e+05 +1.656480591e+05 +1.656480591e+05 +1.3866e-01 +4.2622e+00 -2.6415e+00 -4.4085e+00 -4.0741e+00 -4.9072e+00 -1.0953e+00 +2.7669e+00 -3.7714e+00 +4.8085e+00 -9.1089e-01 +4.6158e+00 +2.0262e+00 +1.0540e+00 +4.6070e+00 -3.0042e+00 -1.9707e+00 +2.2453e-01 -7.5882e-01 -1.2151e+00
2 +9.555994894e+04 +9.555994894e+04 +9.603915894e+04 +9.603915894e+04 -5.6573e-01 -3.2171e+00 -4.8608e+00 -1.2884e+00 +3.6804e+00 +3.0518e+00 +4.5309e+00 -1.0776e+00 +2.8828e+00 +8.8031e-01 -4.3666e+00 +2.0165e+00 -2.8040e+00 -4.1555e+00 -3.7585e+00 -2.8769e-01 -3.1366e-01 +1.8104e+00 +4.8983e-01 -1.6809e+00
22 +6.260480032e+04 +6.260480032e+04 +6.308401032e+04 +6.308401032e+04 +3.0309e+00 -4.2937e+00 +3.1529e+00 +3.6519e+00 +1.7725e+00 +9.1824e-01 +2.3808e-02 +3.5301e+00 +4.0865e+00 +2.6824e+00 -6.4242e-01 -4.0130e+00 -4.0111e-01 +3.2863e-02 +3.3376e+00 -4.1417e+00 +1.7520e+00 -3.3686e+00 +3.0542e+00 -2.6622e+00
42 +1.576901017e+04 +1.576901017e+04 +1.624822017e+04 +1.624822017e+04 +1.5402e-01 -3.8484e+00 +1.8697e+00 +2.8358e+00 +1.8787e+00 +1.7576e+00 +4.1349e+00 -7.5859e-01 +2.9525e+00 +1.7955e+00 -2.2862e+00 +8.1274e-01 -2.1414e+00 -2.8530e-02 -1.1435e+00 -3.0849e+00 +1.4570e+00 -1.3138e+00 +1.1166e+00 -1.9029e+00
45 +8.624435148e+03 +8.624435148e+03 +9.103645148e+03 +9.103645148e+03 +1.9641e+00 -3.2556e+00 +2.9197e+00 -1.7250e+00 -9.0309e-01 +1.7679e+00 +5.1249e-01 +3.2154e+00 +2.0294e+00 +1.3894e+00 +1.4236e+00 -1.5381e+00 -2.0312e+00 -1.6884e-01 +7.3222e-01 -1.6867e+00 +6.8690e-01 -2.1868e+00 +2.4640e+00 -1.1792e+00
140 +5.898217679e+03 +5.898217679e+03 +6.377427679e+03 +6.377427679e+03 +1.7051e+00 -3.3442e+00 +1.3660e+00 -7.2380e-01 -5.1090e-01 +1.7349e+00 +4.8979e-01 +4.4459e-01 +3.8151e+00 +1.8302e+00 -3.3632e-02 -1.1684e+00 -1.9628e+00 +1.3569e+00 +7.8440e-01 -7.3832e-01 +8.9000e-01 -2.0272e+00 +1.4541e+00 -1.4421e+00
% function evaluation | noise-free fitness - Fopt (1.000000000000e+03) | best noise-free fitness - Fopt | measured fitness | best measured fitness | x1 | x2...
1 +2.541201160e+05 +2.541201160e+05 +2.551201160e+05 +2.551201160e+05 +2.5613e-01 -4.1969e+00 -4.7438e+00 -3.8362e+00 -3.0418e+00 +1.4357e-01 +2.8694e+00 +2.3370e+00 +4.7413e+00 +6.7487e-02 +1.7221e+00 -4.8667e+00 +6.6526e-01 +4.2556e+00 -3.7109e+00 +1.4061e+00 +1.2776e+00 +4.1007e+00 -3.5684e+00 -3.8213e+00
2 +1.895132985e+05 +1.895132985e+05 +1.905132985e+05 +1.905132985e+05 -2.3380e-01 +5.9096e-01 +4.3472e+00 -4.0073e+00 -1.4911e+00 +3.6392e+00 -2.8248e+00 -3.8499e+00 -1.8773e-01 +4.5144e+00 -3.6232e+00 +2.8625e+00 -7.2309e-01 +1.8885e-01 +3.4428e+00 -3.7236e+00 +1.1909e+00 -6.1608e-01 -4.6391e+00 -2.8161e+00
6 +1.006066080e+05 +1.006066080e+05 +1.016066080e+05 +1.016066080e+05 -8.7052e-01 -3.0626e+00 -2.9082e-01 +3.6152e+00 +2.4419e+00 +2.1478e+00 -4.1620e+00 +3.7979e-01 +1.6270e+00 -3.5767e+00 +1.8380e+00 -3.1994e-01 -1.4726e+00 +3.0884e+00 +2.5182e-01 -3.9538e-01 +3.2957e+00 -3.8259e+00 -2.1374e+00 -2.3001e+00
9 +9.181406109e+04 +9.181406109e+04 +9.281406109e+04 +9.281406109e+04 +1.0575e+00 -1.0290e+00 -4.6580e+00 -4.2538e+00 -3.0863e+00 +2.7154e+00 +2.1739e+00 +1.7527e+00 -4.1972e+00 -6.1275e-01 -3.2169e+00 -2.4281e+00 -3.1712e+00 -2.1056e+00 +1.3411e+00 +2.9841e-01 +3.2585e+00 +2.9569e+00 +1.9784e+00 -3.2899e+00
12 +6.138174378e+04 +6.138174378e+04 +6.238174378e+04 +6.238174378e+04 +9.4902e-01 +3.7522e+00 -1.1075e+00 -1.0351e+00 -4.8183e+00 -6.2753e-01 -1.5473e+00 +3.9139e+00 -2.5285e+00 -1.9133e+00 -4.2602e-01 -7.3233e-01 +1.8694e+00 -3.3473e+00 +2.6094e+00 -4.5209e+00 +3.8695e+00 +8.3435e-01 +6.9426e-01 -3.6150e+00
49 +3.904168805e+04 +3.904168805e+04 +4.004168805e+04 +4.004168805e+04 +3.4994e-01 -1.0720e+00 -1.3979e+00 -3.3279e+00 -1.2972e+00 +2.1625e+00 +7.4676e-01 +1.4610e+00 -3.6117e+00 -9.5756e-01 -3.6953e-01 -3.7273e+00 -1.0774e+00 +1.1324e+00 +9.9794e-01 -7.2119e-01 +2.8671e+00 -1.2629e+00 -5.3860e-02 -3.5513e+00
98 +2.414053900e+04 +2.414053900e+04 +2.514053900e+04 +2.514053900e+04 +5.2481e-01 -1.4477e+00 -4.0906e-02 +1.4279e+00 +1.8728e+00 +2.0793e-01 -1.0136e-01 -2.4400e+00 +1.9397e+00 -1.8011e+00 -1.4913e+00 -2.7455e+00 +2.5294e+00 +1.2371e+00 -6.6836e-01 -1.8111e+00 +4.4348e-01 -1.7798e+00 -1.4321e+00 -2.8307e+00
200 +1.427841553e+04 +1.427841553e+04 +1.527841553e+04 +1.527841553e+04 +4.9172e-01 -1.5365e+00 -4.3076e-02 +1.7184e+00 +1.8535e+00 +7.5206e-01 -1.1347e-01 -2.5475e+00 +2.0505e+00 -4.1388e-01 -7.3829e-01 -2.7747e+00 +2.0922e+00 +1.3335e+00 -2.8536e-01 -1.4336e+00 +2.0583e+00 -1.7510e+00 -5.6839e-01 -2.8221e+00
% function evaluation | noise-free fitness - Fopt (-1.610900000000e+02) | best noise-free fitness - Fopt | measured fitness | best measured fitness | x1 | x2...
1 +2.726445209e+05 +2.726445209e+05 +2.724834309e+05 +2.724834309e+05 +1.1300e+00 +3.3558e+00 +2.2984e+00 -1.1568e+00 +3.0311e+00 -4.1198e+00 +1.0440e+00 -3.6104e-01 -3.8327e+00 -4.9839e-01 -3.8608e+00 -5.8012e-01 +3.6737e+00 +4.3561e-01 -4.5981e+00 +1.2409e+00 +4.1497e+00 +3.7402e+00 -5.3497e-02 -2.4125e+00
3 +2.035112903e+05 +2.035112903e+05 +2.033502003e+05 +2.033502003e+05 +1.8365e+00 +4.8962e+00 -2.0429e+00 +2.4229e+00 +3.0117e+00 +1.1974e+00 +4.4079e+00 +2.6905e+00 +3.4915e+00 +2.5892e+00 +1.4459e-01 -2.0339e+00 -1.5249e+00 +3.7266e+00 +2.6822e-01 +1.1363e+00 -1.7455e+00 -4.1370e+00 -2.0665e+00 +4.9597e+00
4 +1.386773926e+05 +1.386773926e+05 +1.385163026e+05 +1.385163026e+05 -2.5856e+00 -1.2441e+00 -3.2024e+00 -7.1515e-02 +4.4898e+00 +2.7637e+00 +2.5676e+00 +2.7059e+00 -3.3824e+00 +2.4282e+00 +1.8950e+00 -9.9883e-01 -1.1724e-01 -2.5575e+00 +7.4008e-01 +2.3871e+00 +4.4143e+00 -3.5849e-01 +4.7332e-01 -2.5697e+00
9 +4.383375500e+04 +4.383375500e+04 +4.367266500e+04 +4.367266500e+04 -2.6061e+00 -4.7972e+00 +9.9753e-01 +9.0256e-01 +1.6885e-01 -2.3398e+00 +1.8799e+00 +3.3662e+00 -2.1860e+00 -2.2984e+00 +2.9402e+00 -1.3756e+00 -1.5720e+00 -5.9241e-01 +1.8830e+00 +3.2926e+00 -4.3199e-01 +6.4735e-02 -3.6740e+00 +1.4726e+00
16 +3.535011776e+04 +3.535011776e+04 +3.518902776e+04 +3.518902776e+04 +1.9497e+00 -1.9535e-01 -2.2726e+00 +1.1938e+00 -2.8775e-01 -4.2645e+00 +3.9950e+00 +3.9883e-01 +2.9953e-01 -2.5824e+00 -2.5268e+00 -9.5257e-01 +4.7843e-01 +1.1677e+00 +4.8058e+00 +1.4276e+00 +4.4931e-01 -4.9318e+00 -1.5232e-01 -9.9013e-01
49 +2.052175130e+04 +2.052175130e+04 +2.036066130e+04 +2.036066130e+04 +1.3562e+00 -2.6557e+00 -2.0705e-01 +9.4687e-01 -1.4838e-01 -2.6251e+00 +2.2608e+00 +4.6525e-01 -1.8759e+00 -2.5097e+00 +2.8811e+00 -1.0254e+00 +1.9356e-01 -1.8771e-01 +3.9781e+00 +3.1795e+00 -4.0415e-01 -3.4687e+00 -2.0090e+00 -9.7332e-01
78 +1.105123388e+04 +1.105123388e+04 +1.089014388e+04 +1.089014388e+04 +2.4715e+00 +3.9719e+00 -1.9723e+00 -9.1772e-01 +2.4339e-01 -2.6127e+00 +1.3996e+00 -8.3327e-01 -1.2346e-01 -3.4902e+00 -1.3983e+00 -4.5841e-01 +5.9728e-01 +2.0946e+00 +3.2065e+00 +2.4165e+00 +3.1179e-01 -4.2072e+00 -1.3029e+00 -1.3694e+00
103 +9.021502746e+03 +9.021502746e+03 +8.860412746e+03 +8.860412746e+03 +1.2585e+00 +1.9601e+00 -1.9799e+00 +1.2285e-01 -1.3510e+00 -3.7384e+00 +2.2073e+00 -3.3394e+00 -1.1612e+00 -3.2228e+00 -2.5624e+00 -7.1612e-01 +3.0900e-01 +2.0046e+00 +3.3237e+00 +2.4410e+00 +2.0281e-01 -3.7629e+00 -4.0886e-01 -1.1558e+00
121 +4.019259698e+03 +4.019259698e+03 +3.858169698e+03 +3.858169698e+03 +1.8169e+00 +1.4684e+00 -1.5381e+00 +5.1547e-02 -8.5119e-02 -3.1877e+00 +1.3613e+00 -4.8355e-01 +1.4547e-01 -2.6822e+00 -2.4254e+00 +6.4103e-01 +2.7831e-01 +6.0780e-01 +3.3625e+00 +1.9253e+00 +3.0644e-01 -2.4488e+00 -1.1845e+00 -1.3447e+00
166 +1.690770950e+03 +1.690770950e+03 +1.529680950e+03 +1.529680950e+03 +1.8895e+00 +1.7357e+00 -1.7219e+00 +2.8117e-01 +6.5010e-01 -3.1853e+00 +1.3788e+00 -3.5311e-01 +5.6136e-02 -2.6794e+00 -2.5790e+00 +3.0184e-01 +4.4101e-01 +1.7320e+00 +1.2388e+00 +1.8957e+00 -7.0897e-01 -2.6366e+00 -1.3316e+00 -1.3328e+00
203 +1.468957074e+03 +1.468957074e+03 +1.307867074e+03 +1.307867074e+03 +1.8882e+00 +2.0299e+00 -1.7557e+00 +4.2980e-01 +2.1095e-01 -3.1485e+00 +1.7730e+00 -3.8392e-01 +1.9706e-01 -2.7281e+00 -2.3708e+00 +3.4082e-01 +3.2300e-01 +1.5679e+00 +2.4819e+00 +1.8918e+00 -4.0807e-01 -2.8450e+00 -1.2631e+00 -1.1225e+00
% function evaluation | noise-free fitness - Fopt (1.231900000000e+02) | best noise-free fitness - Fopt | measured fitness | best measured fitness | x1 | x2...
1 +2.027048889e+05 +2.027048889e+05 +2.028280789e+05 +2.028280789e+05 -3.1369e+00 -1.9466e+00 -4.9993e+00 -9.8883e-01 -4.2137e+00 -5.4353e-01 -2.5001e+00 -2.1283e-01 -3.3687e+00 +1.0818e+00 -3.5626e+00 +4.4580e+00 +7.6919e-02 -1.7164e+00 +3.7698e+00 +4.2065e+00 -1.9103e+00 -1.2533e+00 -2.4447e+00 -2.0454e+00
5 +9.584782647e+04 +9.584782647e+04 +9.597101647e+04 +9.597101647e+04 -4.5908e+00 +2.5785e+00 +1.3903e+00 -1.0469e+00 +3.7260e+00 +3.5047e+00 -8.6042e-01 -2.5413e+00 +2.0990e+00 -2.1927e+00 +3.9042e+00 +5.5119e-01 -4.8050e-01 -3.8994e+00 -1.1160e+00 -1.3062e+00 -3.5380e+00 -1.0648e+00 +3.1901e+00 +1.6939e+00
13 +5.064254649e+04 +5.064254649e+04 +5.076573649e+04 +5.076573649e+04 +2.6905e+00 +3.1778e+00 +4.4011e-01 -3.1054e+00 -9.0855e-01 +1.7635e+00 -3.0538e+00 +3.6678e+00 -1.4189e+00 -3.6886e+00 +7.0801e-01 -3.7902e+00 -4.3659e+00 -3.1901e-01 -3.7403e+00 -2.2906e+00 +8.2240e-01 +3.1010e-01 -4.5543e+00 -1.0430e+00
41 +3.215335996e+04 +3.215335996e+04 +3.227654996e+04 +3.227654996e+04 -6.5452e-01 +6.5933e-01 -7.2421e-01 -2.7901e+00 -2.9404e+00 +6.7029e-01 -2.6295e+00 +1.5669e+00 -3.2410e+00 -1.3970e+00 -1.5364e+00 +3.9546e-01 -2.0511e+00 -1.6891e+00 -3.5623e+00 -2.1490e+00 +7.9292e-01 -7.5081e-01 -3.0735e+00 -1.2461e+00
70 +2.131789133e+04 +2.131789133e+04 +2.144108133e+04 +2.144108133e+04 +1.9043e+00 +3.9945e+00 +2.7962e+00 -4.6116e+00 +1.5681e+00 -1.7070e+00 -6.0796e-01 +1.3343e+00 +3.4101e-01 +2.7492e+00 -4.0890e-01 -3.7906e+00 -1.6918e+00 -2.9980e-01 -3.9630e-02 -1.1569e+00 +1.2867e-01 -3.4625e+00 -1.2957e+00 +2.9164e+00
83 +1.552702694e+04 +1.552702694e+04 +1.565021694e+04 +1.565021694e+04 +3.1889e+00 +2.9778e+00 -1.8935e+00 -3.4851e+00 +9.6509e-01 +2.6362e-01 -2.5389e+00 +3.0111e+00 +7.4764e-01 -1.2469e+00 +1.0851e+00 -3.9198e+00 -2.2652e+00 -2.0338e-01 -5.7928e-02 +2.9408e-01 -4.3783e-01 -6.5170e-01 -2.5905e+00 -2.9348e-01
85 +9.267767834e+03 +9.267767834e+03 +9.390957834e+03 +9.390957834e+03 -7.9413e-01 +2.9869e+00 +1.8699e+00 -3.3783e+00 +2.4649e+00 +1.7547e+00 -1.1839e+00 -1.8312e-01 +8.5785e-01 +1.7393e+00 +9.9865e-01 -3.1138e+00 -1.5508e+00 -8.6153e-01 -2.2734e-01 -1.9721e+00 +5.2824e-02 -1.3915e+00 -9.8194e-01 +2.8262e+00
162 +5.127907577e+03 +5.127907577e+03 +5.251097577e+03 +5.251097577e+03 -3.7694e-01 +2.0943e+00 +1.8735e+00 -2.7226e+00 +2.2281e+00 +1.2843e+00 -1.3972e+00 +9.3269e-01 +8.2362e-01 +1.3400e+00 +2.9768e-02 -3.5208e+00 -1.5726e+00 -8.5590e-01 -7.3776e-01 -1.6898e+00 +1.6386e-01 -2.4539e+00 -8.8417e-01 +2.3229e+00
381 +3.919311473e+03 +3.919311473e+03 +4.042501473e+03 +4.042501473e+03 -6.1003e-01 +2.1251e+00 +1.8720e+00 -2.7525e+00 +2.2233e+00 +1.3530e+00 -1.2302e+00 +3.5036e-01 +8.4274e-01 +1.4001e+00 -4.5555e-02 -3.1435e+00 -1.5606e+00 -8.5809e-01 -7.3427e-01 -1.9231e+00 +6.7072e-02 -2.0058e+00 -1.0578e+00 +2.3449e+00
% function evaluation | noise-free fitness - Fopt (-7.756000000000e+01) | best noise-free fitness - Fopt | measured fitness | best measured fitness | x1 | x2...
1 +5.400364050e+05 +5.400364050e+05 +5.399588450e+05 +5.399588450e+05 +3.0791e-01 +4.6683e+00 +4.0369e+00 -3.2841e-01 -2.8585e+00 +2.9959e+00 +4.6502e-01 -7.0101e-01 +3.4233e+00 -2.1143e+00 +4.1142e-01 +1.8642e+00 -2.7324e+00 +3.8058e+00 -4.5608e+00 +4.8862e+00 +3.1071e+00 -3.9761e+00 +4.2366e+00 -2.6183e+00
3 +8.172990363e+04 +8.172990363e+04 +8.165234363e+04 +8.165234363e+04 -2.3056e+00 -4.8597e+00 -9.3679e-01 -3.3570e+00 +4.1918e+00 -4.3014e+00 +2.7258e+00 -4.0741e+00 -3.1055e+00 -3.6351e+00 -1.5528e+00 -4.6404e+00 -7.3277e-01 -3.3253e+00 +3.0048e+00 +2.4036e+00 +1.3298e+00 +1.0900e+00 -1.1991e+00 +1.1387e-01
26 +5.343358600e+04 +5.343358600e+04 +5.335602600e+04 +5.335602600e+04 -3.8709e+00 -5.5309e-01 -1.1947e+00 +7.3170e-01 +8.0991e-01 -2.8658e+00 +1.4706e+00 +2.5560e+00 +7.4281e-02 +2.8778e-01 +3.9521e-02 -3.4540e+00 +4.8026e+00 -1.3331e+00 -9.9049e-01 +3.9948e+00 +2.1196e-01 +4.0899e+00 +2.6699e+00 +1.4215e+00
43 +2.573586181e+04 +2.573586181e+04 +2.565830181e+04 +2.565830181e+04 -2.5549e+00 -1.2555e+00 -1.1769e+00 -1.3738e+00 +3.0486e+00 -3.5519e+00 +1.7209e+00 -5.9670e-01 -1.5732e-01 -1.9514e+00 -4.8208e-01 -4.3915e+00 +1.4603e+00 -1.9391e+00 +2.3030e+00 +3.9764e+00 +1.0483e+00 +2.3266e+00 +9.2239e-02 +2.0177e-01
51 +1.251891287e+04 +1.251891287e+04 +1.244135287e+04 +1.244135287e+04 -2.6337e+00 -2.3622e+00 -8.6104e-01 -1.4879e+00 -1.5637e+00 -2.5715e+00 +1.1845e+00 -2.5720e+00 +1.1999e+00 +2.9357e-01 +9.4524e-01 -3.4471e+00 +2.2368e+00 -2.7492e-01 +1.5805e+00 +2.1348e+00 +8.5672e-01 +3.3314e+00 +5.4581e-01 +2.3914e+00
91 +9.814177719e+03 +9.814177719e+03 +9.736617719e+03 +9.736617719e+03 -2.6337e+00 -2.3622e+00 -8.6104e-01 -1.4879e+00 -1.5637e+00 -2.5715e+00 +1.1845e+00 -2.5720e+00 +1.1999e+00 +2.9357e-01 +9.4524e-01 -3.4471e+00 +2.2368e+00 -2.7492e-01 +1.5805e+00 +2.1348e+00 +2.2832e-01 +3.3314e+00 +5.4581e-01 +2.3914e+00
126 +4.617904516e+03 +4.617904516e+03 +4.540344516e+03 +4.540344516e+03 -2.6430e+00 +2.6083e-01 -1.1862e+00 -1.1790e+00 -1.0368e+00 -2.5753e+00 +1.1861e+00 -1.3082e+00 +8.9945e-01 +2.8166e-01 +5.6551e-01 -1.8641e+00 +2.1135e+00 -5.2794e-01 +1.4587e+00 +2.1281e+00 -2.4471e-01 +3.1085e+00 +6.3748e-01 +1.2337e+00
443 +3.968777663e+03 +3.968777663e+03 +3.891217663e+03 +3.891217663e+03 -2.6383e+00 -1.2399e+00 -6.7939e-01 -1.2087e+00 -1.1123e+00 -2.5750e+00 +1.1791e+00 -1.2334e+00 +7.0306e-01 +2.8629e-01 +5.7431e-01 -2.4306e+00 +1.9949e+00 -5.4685e-01 +1.4720e+00 +2.1360e+00 -2.9448e-01 +2.9816e+00 +5.6153e-01 +1.7086e+00
